last-generated=2018-12-20
statistics-simulation=
{
  "numerical Jacobians": "0", 
  "nonlinear": " ", 
  "linear": " "
}
unitTests.x[1]=[4947.1806640625, 5316.10401199123862170381, 5673.01124610077840770828, 6017.8559796667841510498, 6350.52834939638978539733, 6670.85544525539080495946, 6978.61820431167234346503, 7273.57421011407859623432, 7555.47856461450555798365, 7824.10439803621738974471, 8079.26168153719027031912, 15976.17048618912303936668, 1725.96971316870872215077, 650.56693400236679281079, 355.06821830266204642612, 231.70151586102434748682, 167.88459684421655992992, 130.20287114714628273759, 105.84640457217668085832, 89.02932411971350745716, 76.81937730818144416389, 62.86231017493199857427, 43.63663674899381561545, 29.86300962285177718059, 20.44127087254335606303, 15.18958377838134765625, 13.8950964235398632951, 13.55137954649500109383, 13.26173308744778545076, 13.01441650636131264207, 12.80140328513513559017, 12.61650089619243431116, 12.45487011711769653743, 12.31267946805608559657, 12.1868629884346812986, 12.07494443386873506086, 11.97490419727882482448, 11.885079424900057532, 11.80409237088777452129, 11.73079290038069366631, 11.6642141724206922504, 11.60353849263815106951, 11.54807083860603533765, 11.49721721349094138986, 11.45046614539776186348, 11.40737528673990652806, 11.36756423354932188374, 11.3306970554317647526, 11.29648491208395455487, 11.26467040149048770559, 11.2350292205810546875, 11.20736119598447722012, 11.1814908507120733816, 11.15726178176668348385, 11.13453297601323832566, 11.11317923168261323497, 11.09309006204791003825, 11.07416342382043161763, 11.05630776387969049779, 11.03944392695829890272, 11.02349475765668884719, 11.00839521614589777698, 10.99408341122114052268, 10.98050307599998376418, 10.96760461925426355378, 10.95534131073557304603, 10.9436712565142819642, 10.93255426319493572862, 10.92195606975529820204, 10.91184329752146986436, 10.90218638253414518147, 10.89295576075288352058, 10.88412764169746793641, 10.8756771246077779125, 10.86758328243091398235, 10.85982418060302734375, 10.85238169931665552781, 10.84523867231132321365, 10.83837888708272423344, 10.83178521595163168456, 10.82544518261157584504, 10.81934547567563598136, 10.81347274369643507441, 10.80781649620091400266, 10.80236528905857973371, 10.79710866256506918148, 10.86842292272016052834, 11.35010504649467399929, 11.87512328395010818838, 12.4313677379180145266, 13.01145599402182106985, 13.61069329580012521319, 14.22597972205726080119, 14.85516884255270930737, 15.4967214223015030683, 16.14948732742448100907, 16.81257391462466443954, 17.48525426000561822093, 18.16693556759521044341, 18.85709505708319611017, 19.5552692413330078125]
time=[0., 1.]
unitTests.x[2]=[4947.1806640625, 5316.10401199123862170381, 5673.01124610077840770828, 6017.8559796667841510498, 6350.52834939638978539733, 6670.85544525539080495946, 6978.61820431167234346503, 7273.57421011407859623432, 7555.47856461450555798365, 7824.10439803621738974471, 8079.26168153719027031912, 15976.17048618912303936668, 1725.96971316870872215077, 650.56693400236679281079, 355.06821830266204642612, 231.70151586102434748682, 167.88459684421655992992, 130.20287114714628273759, 105.84640457217668085832, 89.02932411971350745716, 76.81937730818144416389, 62.86231017493199857427, 43.63663674899381561545, 29.86300962285177718059, 20.44127087254335606303, 15.18958377838134765625, 13.8950964235398632951, 13.55137954649500109383, 13.26173308744778545076, 13.01441650636131264207, 12.80140328513513559017, 12.61650089619243431116, 12.45487011711769653743, 12.31267946805608559657, 12.1868629884346812986, 12.07494443386873506086, 11.97490419727882482448, 11.885079424900057532, 11.80409237088777452129, 11.73079290038069366631, 11.6642141724206922504, 11.60353849263815106951, 11.54807083860603533765, 11.49721721349094138986, 11.45046614539776186348, 11.40737528673990652806, 11.36756423354932188374, 11.3306970554317647526, 11.29648491208395455487, 11.26467040149048770559, 11.2350292205810546875, 11.20736119598447722012, 11.1814908507120733816, 11.15726178176668348385, 11.13453297601323832566, 11.11317923168261323497, 11.09309006204791003825, 11.07416342382043161763, 11.05630776387969049779, 11.03944392695829890272, 11.02349475765668884719, 11.00839521614589777698, 10.99408341122114052268, 10.98050307599998376418, 10.96760461925426355378, 10.95534131073557304603, 10.9436712565142819642, 10.93255426319493572862, 10.92195606975529820204, 10.91184329752146986436, 10.90218638253414518147, 10.89295576075288352058, 10.88412764169746793641, 10.8756771246077779125, 10.86758328243091398235, 10.85982418060302734375, 10.85238169931665552781, 10.84523867231132321365, 10.83837888708272423344, 10.83178521595163168456, 10.82544518261157584504, 10.81934547567563598136, 10.81347274369643507441, 10.80781649620091400266, 10.80236528905857973371, 10.79710866256506918148, 10.86842292272016052834, 11.35010504649467399929, 11.87512328395010818838, 12.4313677379180145266, 13.01145599402182106985, 13.61069329580012521319, 14.22597972205726080119, 14.85516884255270930737, 15.4967214223015030683, 16.14948732742448100907, 16.81257391462466443954, 17.48525426000561822093, 18.16693556759521044341, 18.85709505708319611017, 19.5552692413330078125]
unitTests.x[3]=[-298.781402587890625, -920.05049104646593605139, -1621.17398359776416327804, -2397.96343391259279087535, -3246.13923964636524033267, -4161.29778146220724011073, -5138.89027257202451437479, -6174.21334739729900320526, -7262.42451627843820460839, -8398.55915757620095973834, -9577.57111100271686154883, -19977.74508904327740310691, -2158.27647227889156056335, -813.51579631262029579375, -444.00300512253812712515, -289.73642625436826847363, -209.93516041531356108862, -162.815238259048328473, -132.35814228842244233419, -111.32886858802804397328, -96.06066534707451864961, -78.60773294995658488915, -54.56652595395987503935, -37.34295890361656944378, -25.56131272906226570285, -18.9942111968994140625, -17.37548974427499004491, -16.94568486151142039375, -16.5834923194842396299, -16.27423453628923510905, -16.00787001992087610347, -15.77665811031000409059, -15.57454572664282466121, -15.39674304242521962749, -15.23941712972714945806, -15.09947006066026808924, -14.97437494232337407141, -14.86205487615860398876, -14.76078601107801802073, -14.66913020166273362577, -14.5858784199634943235, -14.51000878626035195396, -14.44065180735259801281, -14.37706379516626142845, -14.31860540971095296925, -14.26472562391075982191, -14.21494583341169359869, -14.16884898614285859253, -14.12606997866814495524, -14.08629039635881596837, -14.049228668212890625, -14.01463410071263737677, -13.98228734763243075179, -13.95199195154468796432, -13.92357450707767618781, -13.89687541251707614265, -13.87175751317007055263, -13.84809397017129839469, -13.82577034211901256811, -13.80468458551671950829, -13.78474526286675860831, -13.76586630602697169934, -13.74797345042892970923, -13.73099517037612393722, -13.71486947683335166914, -13.69953819542630313322, -13.68494800504531738738, -13.67105009446806995754, -13.65780068373903866075, -13.64515876476817446417, -13.63308619052282644191, -13.62154767486886086658, -13.6105108571331783196, -13.5999479491816881449, -13.58982945437112377363, -13.58013057708740234375, -13.57082842914693365799, -13.56189916856447652549, -13.55332372177185362716, -13.54508306336349576782, -13.53715802169524629051, -13.52953434169423907463, -13.52219390355853256835, -13.51512430944486808926, -13.50831125418501521551, -13.50174142474016925064, -14.00682847378303641506, -17.2446292037020256771, -20.82388485928317933826, -24.7376176546153985214, -28.98370276735181860772, -33.56181244360774940105, -38.47254864992618905717, -43.71689983987619143591, -49.29617447398729979113, -55.21184506185111473542, -61.4654488831930407855, -68.05849820386930559835, -74.99255548345809074817, -82.26896723408897571517, -89.8889923095703125]
unitTests.x[4]=[-298.781402587890625, -920.05049104646593605139, -1621.17398359776416327804, -2397.96343391259279087535, -3246.13923964636524033267, -4161.29778146220724011073, -5138.89027257202451437479, -6174.21334739729900320526, -7262.42451627843820460839, -8398.55915757620095973834, -9577.57111100271686154883, -19977.74508904327740310691, -2158.27647227889156056335, -813.51579631262029579375, -444.00300512253812712515, -289.73642625436826847363, -209.93516041531356108862, -162.815238259048328473, -132.35814228842244233419, -111.32886858802804397328, -96.06066534707451864961, -78.60773294995658488915, -54.56652595395987503935, -37.34295890361656944378, -25.56131272906226570285, -18.9942111968994140625, -17.37548974427499004491, -16.94568486151142039375, -16.5834923194842396299, -16.27423453628923510905, -16.00787001992087610347, -15.77665811031000409059, -15.57454572664282466121, -15.39674304242521962749, -15.23941712972714945806, -15.09947006066026808924, -14.97437494232337407141, -14.86205487615860398876, -14.76078601107801802073, -14.66913020166273362577, -14.5858784199634943235, -14.51000878626035195396, -14.44065180735259801281, -14.37706379516626142845, -14.31860540971095296925, -14.26472562391075982191, -14.21494583341169359869, -14.16884898614285859253, -14.12606997866814495524, -14.08629039635881596837, -14.049228668212890625, -14.01463410071263737677, -13.98228734763243075179, -13.95199195154468796432, -13.92357450707767618781, -13.89687541251707614265, -13.87175751317007055263, -13.84809397017129839469, -13.82577034211901256811, -13.80468458551671950829, -13.78474526286675860831, -13.76586630602697169934, -13.74797345042892970923, -13.73099517037612393722, -13.71486947683335166914, -13.69953819542630313322, -13.68494800504531738738, -13.67105009446806995754, -13.65780068373903866075, -13.64515876476817446417, -13.63308619052282644191, -13.62154767486886086658, -13.6105108571331783196, -13.5999479491816881449, -13.58982945437112377363, -13.58013057708740234375, -13.57082842914693365799, -13.56189916856447652549, -13.55332372177185362716, -13.54508306336349576782, -13.53715802169524629051, -13.52953434169423907463, -13.52219390355853256835, -13.51512430944486808926, -13.50831125418501521551, -13.50174142474016925064, -14.00682847378303641506, -17.2446292037020256771, -20.82388485928317933826, -24.7376176546153985214, -28.98370276735181860772, -33.56181244360774940105, -38.47254864992618905717, -43.71689983987619143591, -49.29617447398729979113, -55.21184506185111473542, -61.4654488831930407855, -68.05849820386930559835, -74.99255548345809074817, -82.26896723408897571517, -89.8889923095703125]
