last-generated=2017-10-26
statistics-initialization=
{
  "linear": "100"
}
statistics-simulation=
{
  "numerical Jacobians": "0", 
  "nonlinear": " ", 
  "number of continuous time states": "100", 
  "linear": " "
}
unitTests.x[1]=[19.535793304443359375, 19.535793304443359375, 19.535793304443359375, 19.535793304443359375, 19.535793304443359375, 19.535793304443359375, 19.535793304443359375, 19.535793304443359375, 19.535793304443359375, 19.535793304443359375, 19.535793304443359375, 19.535793304443359375, 19.535793304443359375, 19.535793304443359375, 19.535793304443359375, 19.535793304443359375, 19.535793304443359375, 19.535793304443359375, 19.535793304443359375, 19.535793304443359375, 19.535793304443359375, 19.535793304443359375, 19.535793304443359375, 19.535793304443359375, 19.535793304443359375, 19.535793304443359375, 19.535793304443359375, 19.535793304443359375, 19.535793304443359375, 19.535793304443359375, 19.535793304443359375, 19.535793304443359375, 19.535793304443359375, 19.535793304443359375, 19.535793304443359375, 19.535793304443359375, 19.535793304443359375, 19.535793304443359375, 19.535793304443359375, 19.535793304443359375, 19.535793304443359375, 19.535793304443359375, 19.535793304443359375, 19.535793304443359375, 19.535793304443359375, 19.535793304443359375, 19.535793304443359375, 19.535793304443359375, 19.535793304443359375, 19.535793304443359375, 19.535793304443359375, 19.535793304443359375, 19.535793304443359375, 19.535793304443359375, 19.535793304443359375, 19.535793304443359375, 19.535793304443359375, 19.535793304443359375, 19.535793304443359375, 19.535793304443359375, 19.535793304443359375, 19.535793304443359375, 19.535793304443359375, 19.535793304443359375, 19.535793304443359375, 19.535793304443359375, 19.535793304443359375, 19.535793304443359375, 19.535793304443359375, 19.535793304443359375, 19.535793304443359375, 19.535793304443359375, 19.535793304443359375, 19.535793304443359375, 19.535793304443359375, 19.535793304443359375, 19.535793304443359375, 19.535793304443359375, 19.535793304443359375, 19.535793304443359375, 19.535793304443359375, 19.535793304443359375, 19.535793304443359375, 19.535793304443359375, 19.535793304443359375, 19.535793304443359375, 19.535793304443359375, 19.535793304443359375, 19.535793304443359375, 19.535793304443359375, 19.535793304443359375, 19.535793304443359375, 19.535793304443359375, 19.535793304443359375, 19.535793304443359375, 19.535793304443359375, 19.535793304443359375, 19.535793304443359375, 19.535793304443359375, 19.535793304443359375, 19.535793304443359375]
time=[0., 1.]
unitTests.x[2]=[5.05749607086181640625, 5.05749607086181640625, 5.05749607086181640625, 5.05749607086181640625, 5.05749607086181640625, 5.05749607086181640625, 5.05749607086181640625, 5.05749607086181640625, 5.05749607086181640625, 5.05749607086181640625, 5.05749607086181640625, 5.05749607086181640625, 5.05749607086181640625, 5.05749607086181640625, 5.05749607086181640625, 5.05749607086181640625, 5.05749607086181640625, 5.05749607086181640625, 5.05749607086181640625, 5.05749607086181640625, 5.05749607086181640625, 5.05749607086181640625, 5.05749607086181640625, 5.05749607086181640625, 5.05749607086181640625, 5.05749607086181640625, 5.05749607086181640625, 5.05749607086181640625, 5.05749607086181640625, 5.05749607086181640625, 5.05749607086181640625, 5.05749607086181640625, 5.05749607086181640625, 5.05749607086181640625, 5.05749607086181640625, 5.05749607086181640625, 5.05749607086181640625, 5.05749607086181640625, 5.05749607086181640625, 5.05749607086181640625, 5.05749607086181640625, 5.05749607086181640625, 5.05749607086181640625, 5.05749607086181640625, 5.05749607086181640625, 5.05749607086181640625, 5.05749607086181640625, 5.05749607086181640625, 5.05749607086181640625, 5.05749607086181640625, 5.05749607086181640625, 5.05749607086181640625, 5.05749607086181640625, 5.05749607086181640625, 5.05749607086181640625, 5.05749607086181640625, 5.05749607086181640625, 5.05749607086181640625, 5.05749607086181640625, 5.05749607086181640625, 5.05749607086181640625, 5.05749607086181640625, 5.05749607086181640625, 5.05749607086181640625, 5.05749607086181640625, 5.05749607086181640625, 5.05749607086181640625, 5.05749607086181640625, 5.05749607086181640625, 5.05749607086181640625, 5.05749607086181640625, 5.05749607086181640625, 5.05749607086181640625, 5.05749607086181640625, 5.05749607086181640625, 5.05749607086181640625, 5.05749607086181640625, 5.05749607086181640625, 5.05749607086181640625, 5.05749607086181640625, 5.05749607086181640625, 5.05749607086181640625, 5.05749607086181640625, 5.05749607086181640625, 5.05749607086181640625, 5.05749607086181640625, 5.05749607086181640625, 5.05749607086181640625, 5.05749607086181640625, 5.05749607086181640625, 5.05749607086181640625, 5.05749607086181640625, 5.05749607086181640625, 5.05749607086181640625, 5.05749607086181640625, 5.05749607086181640625, 5.05749607086181640625, 5.05749607086181640625, 5.05749607086181640625, 5.05749607086181640625, 5.05749607086181640625]
unitTests.x[3]=[8.1368503570556640625, 8.1368503570556640625, 8.1368503570556640625, 8.1368503570556640625, 8.1368503570556640625, 8.1368503570556640625, 8.1368503570556640625, 8.1368503570556640625, 8.1368503570556640625, 8.1368503570556640625, 8.1368503570556640625, 8.1368503570556640625, 8.1368503570556640625, 8.1368503570556640625, 8.1368503570556640625, 8.1368503570556640625, 8.1368503570556640625, 8.1368503570556640625, 8.1368503570556640625, 8.1368503570556640625, 8.1368503570556640625, 8.1368503570556640625, 8.1368503570556640625, 8.1368503570556640625, 8.1368503570556640625, 8.1368503570556640625, 8.1368503570556640625, 8.1368503570556640625, 8.1368503570556640625, 8.1368503570556640625, 8.1368503570556640625, 8.1368503570556640625, 8.1368503570556640625, 8.1368503570556640625, 8.1368503570556640625, 8.1368503570556640625, 8.1368503570556640625, 8.1368503570556640625, 8.1368503570556640625, 8.1368503570556640625, 8.1368503570556640625, 8.1368503570556640625, 8.1368503570556640625, 8.1368503570556640625, 8.1368503570556640625, 8.1368503570556640625, 8.1368503570556640625, 8.1368503570556640625, 8.1368503570556640625, 8.1368503570556640625, 8.1368503570556640625, 8.1368503570556640625, 8.1368503570556640625, 8.1368503570556640625, 8.1368503570556640625, 8.1368503570556640625, 8.1368503570556640625, 8.1368503570556640625, 8.1368503570556640625, 8.1368503570556640625, 8.1368503570556640625, 8.1368503570556640625, 8.1368503570556640625, 8.1368503570556640625, 8.1368503570556640625, 8.1368503570556640625, 8.1368503570556640625, 8.1368503570556640625, 8.1368503570556640625, 8.1368503570556640625, 8.1368503570556640625, 8.1368503570556640625, 8.1368503570556640625, 8.1368503570556640625, 8.1368503570556640625, 8.1368503570556640625, 8.1368503570556640625, 8.1368503570556640625, 8.1368503570556640625, 8.1368503570556640625, 8.1368503570556640625, 8.1368503570556640625, 8.1368503570556640625, 8.1368503570556640625, 8.1368503570556640625, 8.1368503570556640625, 8.1368503570556640625, 8.1368503570556640625, 8.1368503570556640625, 8.1368503570556640625, 8.1368503570556640625, 8.1368503570556640625, 8.1368503570556640625, 8.1368503570556640625, 8.1368503570556640625, 8.1368503570556640625, 8.1368503570556640625, 8.1368503570556640625, 8.1368503570556640625, 8.1368503570556640625, 8.1368503570556640625]
