last-generated=2019-01-08
statistics-simulation=
{
  "numerical Jacobians": "0", 
  "nonlinear": " ", 
  "linear": " "
}
unitTests.x[1]=[1., 1., 1., 1., 1., 1., 1., 1., 1., 1., 1., 1., 1., 1., 1., 1., 1., 1., 1., 1., 1., 1., 1., 1., 1., 1., 1., 1., 1., 1., 1., 1., 1., 1., 1., 1., 1., 1., 1., 1., 1., 0.98549994833010168271, 0.94399989818556340193, 0.87850012661001430914, 0.79200008552570011489, 0.6875, 0.56799989730802469268, 0.43649975084267800263, 0.29600027729063599358, 0.14950013881217852352, -0., -0.14950013881217852352, -0.29600027729063599358, -0.43649975084267800263, -0.5679998973080258029, -0.6875, -0.79200008552570100306, -0.878500126610013643, -0.94399989818556340193, -0.98549994833010134965, -1., -1., -1., -1., -1., -1., -1., -1., -1., -1., -1., -1., -1., -1., -1., -1., -1., -1., -1., -1., -1., -1., -1., -1., -1., -1., -1., -1., -1., -1., -1., -1., -1., -1., -1., -1., -1., -1., -1., -1., -1.]
time=[0., 10.]
unitTests.x[2]=[0., 0., 0., 0., 0., 0., 0., 0., 0., 0., 0., 0., 0., 0., 0., 0., 0., 0., 0., 0., 0., 0., 0., 0., 0., 0., 0., 0., 0., 0., 0., 0., 0., 0., 0., 0., 0., 0., 0., 0., 0., -0.28500025105505272238, -0.54000047349970781152, -0.76499957942946694711, -0.95999980401979223554, -1.125, -1.26000010204358448007, -1.36500017547648289096, -1.4399999370567673207, -1.48499998283372591779, -1.5, -1.48499998283372591779, -1.4399999370567673207, -1.36500017547648289096, -1.26000010204358336985, -1.125, -0.95999980401979057021, -0.76499957942946883449, -0.54000047349970781152, -0.28500025105505510936, 0., 0., 0., 0., 0., 0., 0., 0., 0., 0., 0., 0., 0., 0., 0., 0., 0., 0., 0., 0., 0., 0., 0., 0., 0., 0., 0., 0., 0., 0., 0., 0., 0., 0., 0., 0., 0., 0., 0., 0., 0.]
