last-generated=2021-05-04
statistics-initialization=
{
  "numerical Jacobians": "1", 
  "nonlinear": "1, 4"
}
statistics-simulation=
{
  "numerical Jacobians": "62", 
  "nonlinear": "1, 1, 1, 1, 1, 1, 1, 1, 1, 1, 1, 1, 1, 1, 1, 1, 1, 1, 1, 1, 1, 1, 1, 1, 1, 1, 1,   1, 1, 1, 1, 1, 3, 1, 1, 1, 1, 1, 1, 1, 1, 1, 1, 1, 1, 1, 1, 1, 1, 1, 1, 1, 1,   1, 1, 1, 1, 1, 1, 1, 1, 1, 1, 1, 1, 1, 1, 1, 1, 1, 1, 1, 1, 1, 1, 1, 1, 1, 1,   1, 1, 1, 1, 1, 1, 1, 1, 1, 1, 1, 1, 1, 1, 1, 1, 1, 1, 1, 1, 1, 1, 1, 1, 1, 1,   1, 1, 1, 1, 1, 1, 3, 1, 1, 1, 1", 
  "number of continuous time states": "512", 
  "linear": "0, 0, 0, 0, 0, 0, 0, 0, 0, 0, 0, 0, 0, 0, 0, 0, 0, 0, 0, 0, 0, 0, 0, 0, 0, 0, 0,   0, 0, 0, 0, 0, 0, 0, 0, 0, 0, 0, 0, 0, 0, 0, 0, 0, 0, 0, 0, 0, 0, 0, 0, 0, 0,   0, 0, 0, 0, 0, 0, 0, 0, 0, 0, 0, 0, 0, 0, 0, 0, 0, 0, 0, 0, 0, 0, 0, 0, 0, 0,   0, 0, 0, 0, 0, 0, 0, 0, 0, 0, 0, 0, 0, 0, 0, 0, 0, 0, 0, 0, 0, 0, 0, 0, 0, 0,   0, 0, 0, 0, 0, 0, 0, 0, 0, 0, 0, 0, 0, 0, 0, 0, 0, 0, 0, 0, 0, 0, 0, 0, 0, 0,   0, 0, 0, 0, 0, 0, 0, 0, 0, 0, 0, 0, 0, 0, 0, 0, 0, 0, 0, 0, 0, 0, 0, 0, 0, 0,   0, 0, 0, 0, 0, 0, 0, 0, 0, 0, 0, 0, 0, 0, 0, 0, 0, 0, 0, 0, 0, 0"
}
unitTests.x[1]=[325., 313.75341796875, 319.462860107421875, 323.978729248046875, 327.800018310546875, 330.98223876953125, 333.680755615234375, 335.9681396484375, 337.90966796875, 339.5601806640625, 340.963897705078125, 342.1610107421875, 343.177490234375, 344.051544189453125, 344.80401611328125, 345.448272705078125, 345.99774169921875, 346.463897705078125, 346.876007080078125, 347.239288330078125, 347.557647705078125, 347.834930419921875, 348.075042724609375, 348.2818603515625, 348.459259033203125, 348.714569091796875, 348.790618896484375, 349.24139404296875, 349.23876953125, 349.545257568359375, 349.562744140625, 349.322967529296875, 349.628875732421875, 349.689910888671875, 349.4959716796875, 349.522979736328125, 349.26702880859375, 349.482421875, 349.630279541015625, 349.66326904296875, 349.9307861328125, 350.06585693359375, 350.149810791015625, 349.985748291015625, 349.92059326171875, 350.278167724609375, 350.16046142578125, 349.832763671875, 349.955413818359375, 349.676177978515625, 349.869354248046875, 349.851898193359375, 350.190185546875, 350.168426513671875, 350.52105712890625, 350.337371826171875, 349.986907958984375, 350.048980712890625, 350.383575439453125, 350.35382080078125, 349.992034912109375, 350.075775146484375, 349.901275634765625, 350.0220947265625, 350.079010009765625, 350.112274169921875, 350.657135009765625, 350.451263427734375, 350.61114501953125, 350.262237548828125, 350.1978759765625, 350.26849365234375, 350.46588134765625, 350.3297119140625, 349.942352294921875, 350.217437744140625, 350.126617431640625, 350.136138916015625, 350.332977294921875, 350.6964111328125, 350.553375244140625, 350.557464599609375, 350.33563232421875, 350.404937744140625, 350.256866455078125, 350.2919921875, 350.318359375, 350.035430908203125, 350.348175048828125, 350.236572265625, 350.182861328125, 350.62286376953125, 350.715545654296875, 350.693603515625, 350.616912841796875, 350.222412109375, 350.410369873046875, 350.460418701171875, 350.316253662109375, 350.162353515625, 350.18304443359375]
time=[0., 10000.]
