last-generated=2018-12-20
statistics-simulation=
{
  "numerical Jacobians": "0", 
  "nonlinear": " ", 
  "linear": " "
}
unitTests.x[1]=[6192.31201171875, 6370.81592185984027310042, 6541.99170667678754398366, 6705.95264742481867870083, 6862.75245504146550956648, 7012.39110234621512063313, 7154.83156148849684541347, 7290.0102499646391152055, 7417.85500253624832112109, 7538.29439158565764955711, 7651.26805001864431687864, 9254.89905179708694049623, 1725.98204226666962313175, 650.57163370779733213567, 355.07078177930640094928, 231.70319432818502036753, 167.88580228844335806571, 130.20381719210908499917, 105.84716751176623006359, 89.02997261822137886611, 76.81993425400496278144, 62.86394668030906274225, 43.63812829557692651861, 29.86414831011687454065, 20.44207386610290555495, 15.18990325927734375, 13.89509833087940116059, 13.55137954649500109383, 13.26173308744778545076, 13.01441650636131264207, 12.80140328513513559017, 12.61650089619243431116, 12.45487011711769653743, 12.31267946805608559657, 12.1868629884346812986, 12.07494443386873506086, 11.97490419727882482448, 11.885079424900057532, 11.80409237088777452129, 11.73079290038069366631, 11.6642141724206922504, 11.60353849263815106951, 11.54807083860603533765, 11.49721721349094138986, 11.45046614539776186348, 11.40737528673990652806, 11.36756423354932188374, 11.3306970554317647526, 11.29648491208395455487, 11.26467040149048770559, 11.2350292205810546875, 11.20736119598447722012, 11.1814908507120733816, 11.15726178176668348385, 11.13453297601323832566, 11.11317923168261323497, 11.09309006204791003825, 11.07416342382043161763, 11.05630776387969049779, 11.03944392695829890272, 11.02349475765668884719, 11.00839521614589777698, 10.99408341122114052268, 10.98050307599998376418, 10.96760461925426355378, 10.95534131073557304603, 10.9436712565142819642, 10.93255426319493572862, 10.92195606975529820204, 10.91184329752146986436, 10.90218638253414518147, 10.89295576075288352058, 10.88412764169746793641, 10.8756771246077779125, 10.86758328243091398235, 10.85982418060302734375, 10.85238169931665552781, 10.84523867231132321365, 10.83837888708272423344, 10.83178521595163168456, 10.82544518261157584504, 10.81934547567563598136, 10.81347274369643507441, 10.80781649620091400266, 10.80236528905857973371, 10.79710866256506918148, 10.86842292272016052834, 11.35010504649467399929, 11.87512328395010818838, 12.4313677379180145266, 13.01145599402182106985, 13.61069329580012521319, 14.22597972205726080119, 14.85516884255270930737, 15.4967214223015030683, 16.14948732742448100907, 16.81257391462466443954, 17.48525426000561822093, 18.16693556759521044341, 18.85709505708319611017, 19.5552692413330078125]
time=[0., 1.]
unitTests.x[2]=[6759.01416015625, 6913.42871429293427354423, 7060.67383451423575024819, 7200.70118097230169951217, 7333.443859130506098154, 7458.82762759742945490871, 7576.78419490556279924931, 7687.2587858595452416921, 5623.56022939163267437834, 1168.42837996941125311423, 517.27190565623004658846, 303.39019025343685598273, 206.17197960142627266578, 153.2782714777720514121, 120.97641151562937977815, 99.58661218313015695003, 84.5466187981263601614, 73.4512194326203058381, 55.97720668550402933761, 38.47386979321295541467, 26.28678824408499536958, 18.19379631414861364647, 14.43512805844588164916, 13.7730781144380589609, 13.44953616670162510616, 13.1750316619873046875, 12.93993834034104750685, 12.73690911829729977001, 12.56024553385550923679, 12.40547835793201336685, 12.26905361391769133661, 12.14812090762205976091, 12.04036705442959842571, 11.94390118310273507518, 11.85716250533146975954, 11.77885623351173549622, 11.70789633023676579171, 11.64336970431616791188, 11.58450219356023680461, 11.53063385326155376731, 11.48120120035349422949, 11.43571565986647797786, 11.39375776766870984602, 11.35496332951169229375, 11.31901168003789059924, 11.28562541966728893783, 11.25455858842764733652, 11.22559642460522155716, 11.19854638173552530134, 11.17323973145261994944, 11.149524688720703125, 11.12726781707931955623, 11.10634799924875260047, 11.08665651608408708739, 11.0680961997893749782, 11.0505800451256792627, 11.03402901081658882276, 11.01837061751821345013, 11.00354001509317214413, 10.98947807552682753851, 10.97613051670707129404, 10.9634485422508713981, 10.95138741103427904022, 10.93990611498211329433, 10.9289655533382603636, 10.91853330100316377127, 10.90857508361934691266, 10.8990631259411738796, 10.88996983213258396006, 10.88127040661012934208, 10.87294100747629244097, 10.86496065377315112244, 10.85730936295803950031, 10.84996892398680223835, 10.84292126363095754016, 10.83615207672119140625, 10.82964419712890347114, 10.82338618066225244263, 10.81736372216556851811, 10.81156445775311247814, 10.80597687424108421794, 10.8005914700763856473, 10.79539870852256022715, 11.02313216995968936374, 11.52102416837916898373, 12.05750334476930696326, 12.62235273198693441543, 13.20925207394818912121, 13.81412916868707441154, 14.43425268416219431344, 15.06771049691639419166, 15.71311017301352386255, 16.36940655160152857661, 17.03576612219642427704, 17.71151177433084100699, 18.39607320977365390036, 19.08895260785187275587, 19.78970135558072485082, 20.49792154101418617529, 21.21323707765872867981, 21.935291290283203125]
unitTests.x[3]=[-373.980194091796875, -1102.58790743360532360384, -1869.50211045588889646751, -2672.15239893388525160844, -3507.96784984246414751397, -4374.34905567944588256069, -5268.64953608498217363376, -6188.16501137779869168298, -7130.13884250226328731515, -8091.76479024649961502291, -9070.20493142598570557311, -11572.98685168496740516275, -2158.29160899338512535905, -813.52165568572854681406, -444.00620946834129654235, -289.73853196771364082451, -209.9366862940561020423, -162.81641318586071065511, -132.35910359224251919841, -111.32967730382107163223, -96.06136725139413101715, -78.60977762801610424503, -54.56839515556091413373, -37.34438560055307476659, -25.56231790151549887469, -18.994609832763671875, -17.37549355895406577588, -16.94568486151142039375, -16.5834923194842396299, -16.27423453628923510905, -16.00787001992087610347, -15.77665811031000409059, -15.57454572664282466121, -15.39674304242521962749, -15.23941712972714945806, -15.09947006066026808924, -14.97437494232337407141, -14.86205487615860398876, -14.76078601107801802073, -14.66913020166273362577, -14.5858784199634943235, -14.51000878626035195396, -14.44065180735259801281, -14.37706379516626142845, -14.31860540971095296925, -14.26472562391075982191, -14.21494583341169359869, -14.16884898614285859253, -14.12606997866814495524, -14.08629039635881596837, -14.049228668212890625, -14.01463410071263737677, -13.98228734763243075179, -13.95199195154468796432, -13.92357450707767618781, -13.89687541251707614265, -13.87175751317007055263, -13.84809397017129839469, -13.82577034211901256811, -13.80468458551671950829, -13.78474526286675860831, -13.76586630602697169934, -13.74797345042892970923, -13.73099517037612393722, -13.71486947683335166914, -13.69953819542630313322, -13.68494800504531738738, -13.67105009446806995754, -13.65780068373903866075, -13.64515876476817446417, -13.63308619052282644191, -13.62154767486886086658, -13.6105108571331783196, -13.5999479491816881449, -13.58982945437112377363, -13.58013057708740234375, -13.57082842914693365799, -13.56189916856447652549, -13.55332372177185362716, -13.54508306336349576782, -13.53715802169524629051, -13.52953434169423907463, -13.52219390355853256835, -13.51512430944486808926, -13.50831125418501521551, -13.50174142474016925064, -14.00682847378303641506, -17.2446292037020256771, -20.82388485928317933826, -24.7376176546153985214, -28.98370276735181860772, -33.56181244360774940105, -38.47254864992618905717, -43.71689983987619143591, -49.29617447398729979113, -55.21184506185111473542, -61.4654488831930407855, -68.05849820386930559835, -74.99255548345809074817, -82.26896723408897571517, -89.8889923095703125]
unitTests.x[4]=[-2947.199951171875, -3793.49513651127608682145, -4669.47953209113711636746, -5572.48785452737683954183, -6499.79891222778041992569, -7448.63713574579469423043, -8416.18470140806311974302, -9399.59469708580036240164, -7032.10177515747272991575, -1461.08683629256665881258, -646.83417530911015091988, -379.38109413649806356261, -257.8124476380928058461, -191.67035673360351211159, -151.2778035188261753774, -124.5304549465814289988, -105.72336787117760081856, -91.84887918053210853486, -69.99808822074091096965, -48.11062203759531286096, -32.87098702319580922904, -22.75090141588504977221, -18.05078296536492032942, -17.22291202185461500562, -16.81833438333450203572, -16.4750766754150390625, -16.18110249648140808176, -15.92722250903755210061, -15.70631315817292339432, -15.51278385472320131555, -15.34219188967865044049, -15.1909723625671393421, -15.05623236231867956292, -14.93560710790510448476, -14.82714656734735036991, -14.72922987210119849522, -14.64050019074350394988, -14.55981449018001328, -14.48620506776212479849, -14.41884794627476651385, -14.35703662618850096067, -14.3001622960032754861, -14.24769871828302392203, -14.19919017340582811926, -14.15423773694580944493, -14.11249156003132654291, -14.07364753058646300587, -14.03743362012597550859, -14.00361248346105469409, -13.9719705875522173244, -13.94231891632080078125, -13.91449067420715124399, -13.88833422619872592918, -13.86371415017426045324, -13.84050850963976131425, -13.81860926318179316752, -13.79791546350299391577, -13.77833841876190668074, -13.75979611261646695652, -13.74221511188610023169, -13.72552875600083588381, -13.70967390375388816892, -13.69459439028821101658, -13.68024062445749500228, -13.66656396872154211053, -13.65352150755194315934, -13.64107325896739375537, -13.62918188136644559449, -13.61781407201338112145, -13.6069393132697449289, -13.59652708751329974746, -13.58655164538721571432, -13.57698729344292587484, -13.56781102948450978829, -13.55900288454435731467, -13.550540924072265625, -13.54240702825167375067, -13.5345840308402980412, -13.52705667298086389394, -13.51980783087875792603, -13.51282502040939803578, -13.50609493413755579638, -13.49960326694152534799, -15.04733336137370436347, -18.40028742001446815379, -22.09144824766255865711, -26.11607719781540026815, -30.47282577063091935088, -35.16173786564524306186, -40.18355162896202870115, -45.53938855346989811324, -51.23059461542414538826, -57.25873300026748324854, -63.6253310426005498357, -70.33191082747660516361, -77.37993723555976544048, -84.77076062494649022483, -92.50553167574543067531, -100.58537250911805926989, -109.01107734291144879535, -117.78328704833984375]
