last-generated=2017-11-09
statistics-initialization=
{
  "numerical Jacobians": "1", 
  "nonlinear": "70"
}
statistics-simulation=
{
  "numerical Jacobians": "0", 
  "nonlinear": "20, 1, 1, 1", 
  "number of continuous time states": "80", 
  "linear": "0, 0, 0, 0, 0, 0, 0, 0, 0, 0"
}
unitTests.x[1]=[105618.0546875, 105618.0546875, 105618.0546875, 105618.0546875, 105618.0546875, 105618.0546875, 105618.0546875, 105618.0546875, 105618.0546875, 105618.0546875, 105618.0546875, 105618.0546875, 105618.0546875, 105618.0546875, 105618.0546875, 105618.0546875, 105618.0546875, 105618.0546875, 105618.0546875, 105618.0546875, 105618.0546875, 105618.0546875, 105618.0546875, 105618.0546875, 105618.0546875, 105618.0546875, 105618.0546875, 105618.0546875, 105618.0546875, 105618.0546875, 105618.0546875, 105618.0546875, 105618.0546875, 105618.0546875, 105618.0546875, 105618.0546875, 105618.0546875, 105618.0546875, 105618.0546875, 105618.0546875, 105618.0546875, 105618.0546875, 105618.0546875, 105618.0546875, 105618.0546875, 105618.0546875, 105618.0546875, 105618.0546875, 105618.0546875, 105618.0546875, 105618.0546875, 105618.0546875, 105618.0546875, 105618.0546875, 105618.0546875, 105618.0546875, 105618.0546875, 105618.0546875, 105618.0546875, 105618.0546875, 105618.0546875, 105618.0546875, 105618.0546875, 105618.0546875, 105618.0546875, 105618.0546875, 105618.0546875, 105618.0546875, 105618.0546875, 105618.0546875, 105618.0546875, 105618.0546875, 105618.0546875, 105618.0546875, 105618.0546875, 105618.0546875, 105618.0546875, 105618.0546875, 105618.0546875, 105618.0546875, 105618.0546875, 105618.0546875, 105618.0546875, 105618.0546875, 105618.0546875, 105618.0546875, 105618.0546875, 105618.0546875, 105618.0546875, 105618.0546875, 105618.0546875, 105618.0546875, 105618.0546875, 105618.0546875, 105618.0546875, 105618.0546875, 105618.0546875, 105618.0546875, 105618.0546875, 105618.0546875, 105618.0546875]
time=[0., 1000.]
unitTests.x[2]=[117776.078125, 117776.078125, 117776.078125, 117776.078125, 117776.078125, 117776.078125, 117776.078125, 117776.078125, 117776.078125, 117776.078125, 117776.078125, 117776.078125, 117776.078125, 117776.078125, 117776.078125, 117776.078125, 117776.078125, 117776.078125, 117776.078125, 117776.078125, 117776.078125, 117776.078125, 117776.078125, 117776.078125, 117776.078125, 117776.078125, 117776.078125, 117776.078125, 117776.078125, 117776.078125, 117776.078125, 117776.078125, 117776.078125, 117776.078125, 117776.078125, 117776.078125, 117776.078125, 117776.078125, 117776.078125, 117776.078125, 117776.078125, 117776.078125, 117776.078125, 117776.078125, 117776.078125, 117776.078125, 117776.078125, 117776.078125, 117776.078125, 117776.078125, 117776.078125, 117776.078125, 117776.078125, 117776.078125, 117776.078125, 117776.078125, 117776.078125, 117776.078125, 117776.078125, 117776.078125, 117776.078125, 117776.078125, 117776.078125, 117776.078125, 117776.078125, 117776.078125, 117776.078125, 117776.078125, 117776.078125, 117776.078125, 117776.078125, 117776.078125, 117776.078125, 117776.078125, 117776.078125, 117776.078125, 117776.078125, 117776.078125, 117776.078125, 117776.078125, 117776.078125, 117776.078125, 117776.078125, 117776.078125, 117776.078125, 117776.078125, 117776.078125, 117776.078125, 117776.078125, 117776.078125, 117776.078125, 117776.078125, 117776.078125, 117776.078125, 117776.078125, 117776.078125, 117776.078125, 117776.078125, 117776.078125, 117776.078125, 117776.078125]
unitTests.x[3]=[131638.265625, 131638.265625, 131638.265625, 131638.265625, 131638.265625, 131638.265625, 131638.265625, 131638.265625, 131638.265625, 131638.265625, 131638.265625, 131638.265625, 131638.265625, 131638.265625, 131638.265625, 131638.265625, 131638.265625, 131638.265625, 131638.265625, 131638.265625, 131638.265625, 131638.265625, 131638.265625, 131638.265625, 131638.265625, 131638.265625, 131638.265625, 131638.265625, 131638.265625, 131638.265625, 131638.265625, 131638.265625, 131638.265625, 131638.265625, 131638.265625, 131638.265625, 131638.265625, 131638.265625, 131638.265625, 131638.265625, 131638.265625, 131638.265625, 131638.265625, 131638.265625, 131638.265625, 131638.265625, 131638.265625, 131638.265625, 131638.265625, 131638.265625, 131638.265625, 131638.265625, 131638.265625, 131638.265625, 131638.265625, 131638.265625, 131638.265625, 131638.265625, 131638.265625, 131638.265625, 131638.265625, 131638.265625, 131638.265625, 131638.265625, 131638.265625, 131638.265625, 131638.265625, 131638.265625, 131638.265625, 131638.265625, 131638.265625, 131638.265625, 131638.265625, 131638.265625, 131638.265625, 131638.265625, 131638.265625, 131638.265625, 131638.265625, 131638.265625, 131638.265625, 131638.265625, 131638.265625, 131638.265625, 131638.265625, 131638.265625, 131638.265625, 131638.265625, 131638.265625, 131638.265625, 131638.265625, 131638.265625, 131638.265625, 131638.265625, 131638.265625, 131638.265625, 131638.265625, 131638.265625, 131638.265625, 131638.265625, 131638.265625]
unitTests.x[4]=[183408.96875, 183408.96875, 183408.96875, 183408.96875, 183408.96875, 183408.96875, 183408.96875, 183408.96875, 183408.96875, 183408.96875, 183408.96875, 183408.96875, 183408.96875, 183408.96875, 183408.96875, 183408.96875, 183408.96875, 183408.96875, 183408.96875, 183408.96875, 183408.96875, 183408.96875, 183408.96875, 183408.96875, 183408.96875, 183408.96875, 183408.96875, 183408.96875, 183408.96875, 183408.96875, 183408.96875, 183408.96875, 183408.96875, 183408.96875, 183408.96875, 183408.96875, 183408.96875, 183408.96875, 183408.96875, 183408.96875, 183408.96875, 183408.96875, 183408.96875, 183408.96875, 183408.96875, 183408.96875, 183408.96875, 183408.96875, 183408.96875, 183408.96875, 183408.96875, 183408.96875, 183408.96875, 183408.96875, 183408.96875, 183408.96875, 183408.96875, 183408.96875, 183408.96875, 183408.96875, 183408.96875, 183408.96875, 183408.96875, 183408.96875, 183408.96875, 183408.96875, 183408.96875, 183408.96875, 183408.96875, 183408.96875, 183408.96875, 183408.96875, 183408.96875, 183408.96875, 183408.96875, 183408.96875, 183408.96875, 183408.96875, 183408.96875, 183408.96875, 183408.96875, 183408.96875, 183408.96875, 183408.96875, 183408.96875, 183408.96875, 183408.96875, 183408.96875, 183408.96875, 183408.96875, 183408.96875, 183408.96875, 183408.96875, 183408.96875, 183408.96875, 183408.96875, 183408.96875, 183408.96875, 183408.96875, 183408.96875, 183408.96875]
