last-generated=2017-10-26
statistics-initialization=
{
  "linear": "10, 10, 10"
}
statistics-simulation=
{
  "numerical Jacobians": "0", 
  "nonlinear": " ", 
  "number of continuous time states": "30", 
  "linear": " "
}
unitTests.x[1]=[353.149993896484375, 353.149993896484375]
time=[0., 1.]
unitTests.x[2]=[355.149993896484375, 355.149993896484375, 355.149993896484375, 355.149993896484375, 355.149993896484375, 355.149993896484375, 355.149993896484375, 355.149993896484375, 355.149993896484375, 355.149993896484375, 355.149993896484375, 355.149993896484375, 355.149993896484375, 355.149993896484375, 355.149993896484375, 355.149993896484375, 355.149993896484375, 355.149993896484375, 355.149993896484375, 355.149993896484375, 355.149993896484375, 355.149993896484375, 355.149993896484375, 355.149993896484375, 355.149993896484375, 355.149993896484375, 355.149993896484375, 355.149993896484375, 355.149993896484375, 355.149993896484375, 355.149993896484375, 355.149993896484375, 355.149993896484375, 355.149993896484375, 355.149993896484375, 355.149993896484375, 355.149993896484375, 355.149993896484375, 355.149993896484375, 355.149993896484375, 355.149993896484375, 355.149993896484375, 355.149993896484375, 355.149993896484375, 355.149993896484375, 355.149993896484375, 355.149993896484375, 355.149993896484375, 355.149993896484375, 355.149993896484375, 355.149993896484375, 355.149993896484375, 355.149993896484375, 355.149993896484375, 355.149993896484375, 355.149993896484375, 355.149993896484375, 355.149993896484375, 355.149993896484375, 355.149993896484375, 355.149993896484375, 355.149993896484375, 355.149993896484375, 355.149993896484375, 355.149993896484375, 355.149993896484375, 355.149993896484375, 355.149993896484375, 355.149993896484375, 355.149993896484375, 355.149993896484375, 355.149993896484375, 355.149993896484375, 355.149993896484375, 355.149993896484375, 355.149993896484375, 355.149993896484375, 355.149993896484375, 355.149993896484375, 355.149993896484375, 355.149993896484375, 355.149993896484375, 355.149993896484375, 355.149993896484375, 355.149993896484375, 355.149993896484375, 355.149993896484375, 355.149993896484375, 355.149993896484375, 355.149993896484375, 355.149993896484375, 355.149993896484375, 355.149993896484375, 355.149993896484375, 355.149993896484375, 355.149993896484375, 355.149993896484375, 355.149993896484375, 355.149993896484375, 355.149993896484375, 355.149993896484375]
unitTests.x[3]=[357.149993896484375, 357.149993896484375, 357.149993896484375, 357.149993896484375, 357.149993896484375, 357.149993896484375, 357.149993896484375, 357.149993896484375, 357.149993896484375, 357.149993896484375, 357.149993896484375, 357.149993896484375, 357.149993896484375, 357.149993896484375, 357.149993896484375, 357.149993896484375, 357.149993896484375, 357.149993896484375, 357.149993896484375, 357.149993896484375, 357.149993896484375, 357.149993896484375, 357.149993896484375, 357.149993896484375, 357.149993896484375, 357.149993896484375, 357.149993896484375, 357.149993896484375, 357.149993896484375, 357.149993896484375, 357.149993896484375, 357.149993896484375, 357.149993896484375, 357.149993896484375, 357.149993896484375, 357.149993896484375, 357.149993896484375, 357.149993896484375, 357.149993896484375, 357.149993896484375, 357.149993896484375, 357.149993896484375, 357.149993896484375, 357.149993896484375, 357.149993896484375, 357.149993896484375, 357.149993896484375, 357.149993896484375, 357.149993896484375, 357.149993896484375, 357.149993896484375, 357.149993896484375, 357.149993896484375, 357.149993896484375, 357.149993896484375, 357.149993896484375, 357.149993896484375, 357.149993896484375, 357.149993896484375, 357.149993896484375, 357.149993896484375, 357.149993896484375, 357.149993896484375, 357.149993896484375, 357.149993896484375, 357.149993896484375, 357.149993896484375, 357.149993896484375, 357.149993896484375, 357.149993896484375, 357.149993896484375, 357.149993896484375, 357.149993896484375, 357.149993896484375, 357.149993896484375, 357.149993896484375, 357.149993896484375, 357.149993896484375, 357.149993896484375, 357.149993896484375, 357.149993896484375, 357.149993896484375, 357.149993896484375, 357.149993896484375, 357.149993896484375, 357.149993896484375, 357.149993896484375, 357.149993896484375, 357.149993896484375, 357.149993896484375, 357.149993896484375, 357.149993896484375, 357.149993896484375, 357.149993896484375, 357.149993896484375, 357.149993896484375, 357.149993896484375, 357.149993896484375, 357.149993896484375, 357.149993896484375, 357.149993896484375]
unitTests.x[4]=[357.149993896484375, 357.149993896484375, 357.149993896484375, 357.149993896484375, 357.149993896484375, 357.149993896484375, 357.149993896484375, 357.149993896484375, 357.149993896484375, 357.149993896484375, 357.149993896484375, 357.149993896484375, 357.149993896484375, 357.149993896484375, 357.149993896484375, 357.149993896484375, 357.149993896484375, 357.149993896484375, 357.149993896484375, 357.149993896484375, 357.149993896484375, 357.149993896484375, 357.149993896484375, 357.149993896484375, 357.149993896484375, 357.149993896484375, 357.149993896484375, 357.149993896484375, 357.149993896484375, 357.149993896484375, 357.149993896484375, 357.149993896484375, 357.149993896484375, 357.149993896484375, 357.149993896484375, 357.149993896484375, 357.149993896484375, 357.149993896484375, 357.149993896484375, 357.149993896484375, 357.149993896484375, 357.149993896484375, 357.149993896484375, 357.149993896484375, 357.149993896484375, 357.149993896484375, 357.149993896484375, 357.149993896484375, 357.149993896484375, 357.149993896484375, 357.149993896484375, 357.149993896484375, 357.149993896484375, 357.149993896484375, 357.149993896484375, 357.149993896484375, 357.149993896484375, 357.149993896484375, 357.149993896484375, 357.149993896484375, 357.149993896484375, 357.149993896484375, 357.149993896484375, 357.149993896484375, 357.149993896484375, 357.149993896484375, 357.149993896484375, 357.149993896484375, 357.149993896484375, 357.149993896484375, 357.149993896484375, 357.149993896484375, 357.149993896484375, 357.149993896484375, 357.149993896484375, 357.149993896484375, 357.149993896484375, 357.149993896484375, 357.149993896484375, 357.149993896484375, 357.149993896484375, 357.149993896484375, 357.149993896484375, 357.149993896484375, 357.149993896484375, 357.149993896484375, 357.149993896484375, 357.149993896484375, 357.149993896484375, 357.149993896484375, 357.149993896484375, 357.149993896484375, 357.149993896484375, 357.149993896484375, 357.149993896484375, 357.149993896484375, 357.149993896484375, 357.149993896484375, 357.149993896484375, 357.149993896484375, 357.149993896484375]
unitTests.x[5]=[355.149993896484375, 355.149993896484375, 355.149993896484375, 355.149993896484375, 355.149993896484375, 355.149993896484375, 355.149993896484375, 355.149993896484375, 355.149993896484375, 355.149993896484375, 355.149993896484375, 355.149993896484375, 355.149993896484375, 355.149993896484375, 355.149993896484375, 355.149993896484375, 355.149993896484375, 355.149993896484375, 355.149993896484375, 355.149993896484375, 355.149993896484375, 355.149993896484375, 355.149993896484375, 355.149993896484375, 355.149993896484375, 355.149993896484375, 355.149993896484375, 355.149993896484375, 355.149993896484375, 355.149993896484375, 355.149993896484375, 355.149993896484375, 355.149993896484375, 355.149993896484375, 355.149993896484375, 355.149993896484375, 355.149993896484375, 355.149993896484375, 355.149993896484375, 355.149993896484375, 355.149993896484375, 355.149993896484375, 355.149993896484375, 355.149993896484375, 355.149993896484375, 355.149993896484375, 355.149993896484375, 355.149993896484375, 355.149993896484375, 355.149993896484375, 355.149993896484375, 355.149993896484375, 355.149993896484375, 355.149993896484375, 355.149993896484375, 355.149993896484375, 355.149993896484375, 355.149993896484375, 355.149993896484375, 355.149993896484375, 355.149993896484375, 355.149993896484375, 355.149993896484375, 355.149993896484375, 355.149993896484375, 355.149993896484375, 355.149993896484375, 355.149993896484375, 355.149993896484375, 355.149993896484375, 355.149993896484375, 355.149993896484375, 355.149993896484375, 355.149993896484375, 355.149993896484375, 355.149993896484375, 355.149993896484375, 355.149993896484375, 355.149993896484375, 355.149993896484375, 355.149993896484375, 355.149993896484375, 355.149993896484375, 355.149993896484375, 355.149993896484375, 355.149993896484375, 355.149993896484375, 355.149993896484375, 355.149993896484375, 355.149993896484375, 355.149993896484375, 355.149993896484375, 355.149993896484375, 355.149993896484375, 355.149993896484375, 355.149993896484375, 355.149993896484375, 355.149993896484375, 355.149993896484375, 355.149993896484375, 355.149993896484375]
unitTests.x[6]=[351.149993896484375, 351.149993896484375, 351.149993896484375, 351.149993896484375, 351.149993896484375, 351.149993896484375, 351.149993896484375, 351.149993896484375, 351.149993896484375, 351.149993896484375, 351.149993896484375, 351.149993896484375, 351.149993896484375, 351.149993896484375, 351.149993896484375, 351.149993896484375, 351.149993896484375, 351.149993896484375, 351.149993896484375, 351.149993896484375, 351.149993896484375, 351.149993896484375, 351.149993896484375, 351.149993896484375, 351.149993896484375, 351.149993896484375, 351.149993896484375, 351.149993896484375, 351.149993896484375, 351.149993896484375, 351.149993896484375, 351.149993896484375, 351.149993896484375, 351.149993896484375, 351.149993896484375, 351.149993896484375, 351.149993896484375, 351.149993896484375, 351.149993896484375, 351.149993896484375, 351.149993896484375, 351.149993896484375, 351.149993896484375, 351.149993896484375, 351.149993896484375, 351.149993896484375, 351.149993896484375, 351.149993896484375, 351.149993896484375, 351.149993896484375, 351.149993896484375, 351.149993896484375, 351.149993896484375, 351.149993896484375, 351.149993896484375, 351.149993896484375, 351.149993896484375, 351.149993896484375, 351.149993896484375, 351.149993896484375, 351.149993896484375, 351.149993896484375, 351.149993896484375, 351.149993896484375, 351.149993896484375, 351.149993896484375, 351.149993896484375, 351.149993896484375, 351.149993896484375, 351.149993896484375, 351.149993896484375, 351.149993896484375, 351.149993896484375, 351.149993896484375, 351.149993896484375, 351.149993896484375, 351.149993896484375, 351.149993896484375, 351.149993896484375, 351.149993896484375, 351.149993896484375, 351.149993896484375, 351.149993896484375, 351.149993896484375, 351.149993896484375, 351.149993896484375, 351.149993896484375, 351.149993896484375, 351.149993896484375, 351.149993896484375, 351.149993896484375, 351.149993896484375, 351.149993896484375, 351.149993896484375, 351.149993896484375, 351.149993896484375, 351.149993896484375, 351.149993896484375, 351.149993896484375, 351.149993896484375, 351.149993896484375]
unitTests.x[7]=[345.149993896484375, 345.149993896484375, 345.149993896484375, 345.149993896484375, 345.149993896484375, 345.149993896484375, 345.149993896484375, 345.149993896484375, 345.149993896484375, 345.149993896484375, 345.149993896484375, 345.149993896484375, 345.149993896484375, 345.149993896484375, 345.149993896484375, 345.149993896484375, 345.149993896484375, 345.149993896484375, 345.149993896484375, 345.149993896484375, 345.149993896484375, 345.149993896484375, 345.149993896484375, 345.149993896484375, 345.149993896484375, 345.149993896484375, 345.149993896484375, 345.149993896484375, 345.149993896484375, 345.149993896484375, 345.149993896484375, 345.149993896484375, 345.149993896484375, 345.149993896484375, 345.149993896484375, 345.149993896484375, 345.149993896484375, 345.149993896484375, 345.149993896484375, 345.149993896484375, 345.149993896484375, 345.149993896484375, 345.149993896484375, 345.149993896484375, 345.149993896484375, 345.149993896484375, 345.149993896484375, 345.149993896484375, 345.149993896484375, 345.149993896484375, 345.149993896484375, 345.149993896484375, 345.149993896484375, 345.149993896484375, 345.149993896484375, 345.149993896484375, 345.149993896484375, 345.149993896484375, 345.149993896484375, 345.149993896484375, 345.149993896484375, 345.149993896484375, 345.149993896484375, 345.149993896484375, 345.149993896484375, 345.149993896484375, 345.149993896484375, 345.149993896484375, 345.149993896484375, 345.149993896484375, 345.149993896484375, 345.149993896484375, 345.149993896484375, 345.149993896484375, 345.149993896484375, 345.149993896484375, 345.149993896484375, 345.149993896484375, 345.149993896484375, 345.149993896484375, 345.149993896484375, 345.149993896484375, 345.149993896484375, 345.149993896484375, 345.149993896484375, 345.149993896484375, 345.149993896484375, 345.149993896484375, 345.149993896484375, 345.149993896484375, 345.149993896484375, 345.149993896484375, 345.149993896484375, 345.149993896484375, 345.149993896484375, 345.149993896484375, 345.149993896484375, 345.149993896484375, 345.149993896484375, 345.149993896484375, 345.149993896484375]
unitTests.x[8]=[337.149993896484375, 337.149993896484375, 337.149993896484375, 337.149993896484375, 337.149993896484375, 337.149993896484375, 337.149993896484375, 337.149993896484375, 337.149993896484375, 337.149993896484375, 337.149993896484375, 337.149993896484375, 337.149993896484375, 337.149993896484375, 337.149993896484375, 337.149993896484375, 337.149993896484375, 337.149993896484375, 337.149993896484375, 337.149993896484375, 337.149993896484375, 337.149993896484375, 337.149993896484375, 337.149993896484375, 337.149993896484375, 337.149993896484375, 337.149993896484375, 337.149993896484375, 337.149993896484375, 337.149993896484375, 337.149993896484375, 337.149993896484375, 337.149993896484375, 337.149993896484375, 337.149993896484375, 337.149993896484375, 337.149993896484375, 337.149993896484375, 337.149993896484375, 337.149993896484375, 337.149993896484375, 337.149993896484375, 337.149993896484375, 337.149993896484375, 337.149993896484375, 337.149993896484375, 337.149993896484375, 337.149993896484375, 337.149993896484375, 337.149993896484375, 337.149993896484375, 337.149993896484375, 337.149993896484375, 337.149993896484375, 337.149993896484375, 337.149993896484375, 337.149993896484375, 337.149993896484375, 337.149993896484375, 337.149993896484375, 337.149993896484375, 337.149993896484375, 337.149993896484375, 337.149993896484375, 337.149993896484375, 337.149993896484375, 337.149993896484375, 337.149993896484375, 337.149993896484375, 337.149993896484375, 337.149993896484375, 337.149993896484375, 337.149993896484375, 337.149993896484375, 337.149993896484375, 337.149993896484375, 337.149993896484375, 337.149993896484375, 337.149993896484375, 337.149993896484375, 337.149993896484375, 337.149993896484375, 337.149993896484375, 337.149993896484375, 337.149993896484375, 337.149993896484375, 337.149993896484375, 337.149993896484375, 337.149993896484375, 337.149993896484375, 337.149993896484375, 337.149993896484375, 337.149993896484375, 337.149993896484375, 337.149993896484375, 337.149993896484375, 337.149993896484375, 337.149993896484375, 337.149993896484375, 337.149993896484375, 337.149993896484375]
unitTests.x[9]=[327.149993896484375, 327.149993896484375, 327.149993896484375, 327.149993896484375, 327.149993896484375, 327.149993896484375, 327.149993896484375, 327.149993896484375, 327.149993896484375, 327.149993896484375, 327.149993896484375, 327.149993896484375, 327.149993896484375, 327.149993896484375, 327.149993896484375, 327.149993896484375, 327.149993896484375, 327.149993896484375, 327.149993896484375, 327.149993896484375, 327.149993896484375, 327.149993896484375, 327.149993896484375, 327.149993896484375, 327.149993896484375, 327.149993896484375, 327.149993896484375, 327.149993896484375, 327.149993896484375, 327.149993896484375, 327.149993896484375, 327.149993896484375, 327.149993896484375, 327.149993896484375, 327.149993896484375, 327.149993896484375, 327.149993896484375, 327.149993896484375, 327.149993896484375, 327.149993896484375, 327.149993896484375, 327.149993896484375, 327.149993896484375, 327.149993896484375, 327.149993896484375, 327.149993896484375, 327.149993896484375, 327.149993896484375, 327.149993896484375, 327.149993896484375, 327.149993896484375, 327.149993896484375, 327.149993896484375, 327.149993896484375, 327.149993896484375, 327.149993896484375, 327.149993896484375, 327.149993896484375, 327.149993896484375, 327.149993896484375, 327.149993896484375, 327.149993896484375, 327.149993896484375, 327.149993896484375, 327.149993896484375, 327.149993896484375, 327.149993896484375, 327.149993896484375, 327.149993896484375, 327.149993896484375, 327.149993896484375, 327.149993896484375, 327.149993896484375, 327.149993896484375, 327.149993896484375, 327.149993896484375, 327.149993896484375, 327.149993896484375, 327.149993896484375, 327.149993896484375, 327.149993896484375, 327.149993896484375, 327.149993896484375, 327.149993896484375, 327.149993896484375, 327.149993896484375, 327.149993896484375, 327.149993896484375, 327.149993896484375, 327.149993896484375, 327.149993896484375, 327.149993896484375, 327.149993896484375, 327.149993896484375, 327.149993896484375, 327.149993896484375, 327.149993896484375, 327.149993896484375, 327.149993896484375, 327.149993896484375, 327.149993896484375]
unitTests.x[10]=[315.149993896484375, 315.149993896484375, 315.149993896484375, 315.149993896484375, 315.149993896484375, 315.149993896484375, 315.149993896484375, 315.149993896484375, 315.149993896484375, 315.149993896484375, 315.149993896484375, 315.149993896484375, 315.149993896484375, 315.149993896484375, 315.149993896484375, 315.149993896484375, 315.149993896484375, 315.149993896484375, 315.149993896484375, 315.149993896484375, 315.149993896484375, 315.149993896484375, 315.149993896484375, 315.149993896484375, 315.149993896484375, 315.149993896484375, 315.149993896484375, 315.149993896484375, 315.149993896484375, 315.149993896484375, 315.149993896484375, 315.149993896484375, 315.149993896484375, 315.149993896484375, 315.149993896484375, 315.149993896484375, 315.149993896484375, 315.149993896484375, 315.149993896484375, 315.149993896484375, 315.149993896484375, 315.149993896484375, 315.149993896484375, 315.149993896484375, 315.149993896484375, 315.149993896484375, 315.149993896484375, 315.149993896484375, 315.149993896484375, 315.149993896484375, 315.149993896484375, 315.149993896484375, 315.149993896484375, 315.149993896484375, 315.149993896484375, 315.149993896484375, 315.149993896484375, 315.149993896484375, 315.149993896484375, 315.149993896484375, 315.149993896484375, 315.149993896484375, 315.149993896484375, 315.149993896484375, 315.149993896484375, 315.149993896484375, 315.149993896484375, 315.149993896484375, 315.149993896484375, 315.149993896484375, 315.149993896484375, 315.149993896484375, 315.149993896484375, 315.149993896484375, 315.149993896484375, 315.149993896484375, 315.149993896484375, 315.149993896484375, 315.149993896484375, 315.149993896484375, 315.149993896484375, 315.149993896484375, 315.149993896484375, 315.149993896484375, 315.149993896484375, 315.149993896484375, 315.149993896484375, 315.149993896484375, 315.149993896484375, 315.149993896484375, 315.149993896484375, 315.149993896484375, 315.149993896484375, 315.149993896484375, 315.149993896484375, 315.149993896484375, 315.149993896484375, 315.149993896484375, 315.149993896484375, 315.149993896484375, 315.149993896484375]
unitTests.x[11]=[301.149993896484375, 301.149993896484375, 301.149993896484375, 301.149993896484375, 301.149993896484375, 301.149993896484375, 301.149993896484375, 301.149993896484375, 301.149993896484375, 301.149993896484375, 301.149993896484375, 301.149993896484375, 301.149993896484375, 301.149993896484375, 301.149993896484375, 301.149993896484375, 301.149993896484375, 301.149993896484375, 301.149993896484375, 301.149993896484375, 301.149993896484375, 301.149993896484375, 301.149993896484375, 301.149993896484375, 301.149993896484375, 301.149993896484375, 301.149993896484375, 301.149993896484375, 301.149993896484375, 301.149993896484375, 301.149993896484375, 301.149993896484375, 301.149993896484375, 301.149993896484375, 301.149993896484375, 301.149993896484375, 301.149993896484375, 301.149993896484375, 301.149993896484375, 301.149993896484375, 301.149993896484375, 301.149993896484375, 301.149993896484375, 301.149993896484375, 301.149993896484375, 301.149993896484375, 301.149993896484375, 301.149993896484375, 301.149993896484375, 301.149993896484375, 301.149993896484375, 301.149993896484375, 301.149993896484375, 301.149993896484375, 301.149993896484375, 301.149993896484375, 301.149993896484375, 301.149993896484375, 301.149993896484375, 301.149993896484375, 301.149993896484375, 301.149993896484375, 301.149993896484375, 301.149993896484375, 301.149993896484375, 301.149993896484375, 301.149993896484375, 301.149993896484375, 301.149993896484375, 301.149993896484375, 301.149993896484375, 301.149993896484375, 301.149993896484375, 301.149993896484375, 301.149993896484375, 301.149993896484375, 301.149993896484375, 301.149993896484375, 301.149993896484375, 301.149993896484375, 301.149993896484375, 301.149993896484375, 301.149993896484375, 301.149993896484375, 301.149993896484375, 301.149993896484375, 301.149993896484375, 301.149993896484375, 301.149993896484375, 301.149993896484375, 301.149993896484375, 301.149993896484375, 301.149993896484375, 301.149993896484375, 301.149993896484375, 301.149993896484375, 301.149993896484375, 301.149993896484375, 301.149993896484375, 301.149993896484375, 301.149993896484375]
unitTests.x[12]=[293.149993896484375, 293.149993896484375]
