last-generated=2017-10-26
statistics-initialization=
{
  "numerical Jacobians": "1", 
  "nonlinear": "20"
}
statistics-simulation=
{
  "numerical Jacobians": "1", 
  "nonlinear": "40", 
  "number of continuous time states": "20", 
  "linear": " "
}
unitTests.x[1]=[0.00000000000000000049, 0.00000000087893246925, 0.00000000372789701722, 0.00000000855392588074, 0.00000001535680875217, 0.00000002413716160277, 0.00000003489458065815, 0.0000000476287151713, 0.00000006233918095119, 0.00000007902955890709, 0.00000009769811981641, 0.0000001183435948864, 0.00000014096540100096, 0.00000016556289340916, 0.0000001921353384508, 0.00000022068198290981, 0.0000002512020314492, 0.00000028371671460531, 0.00000031822334597456, 0.00000035470865562534, 0.00000039317168898378, 0.00000043361133132322, 0.00000047602629502975, 0.00000052041556210233, 0.00000056677767032471, 0.00000061511155990956, 0.00000066541564802901, 0.00000071768844017606, 0.00000077192865270995, 0.00000082813449222513, 0.0000008863046332408, 0.00000094643729890744, 0.00000100853068710893, 0.00000107264682788967, 0.0000011389495789231, 0.00000120724052976584, 0.00000127751748165882, 0.00000134977832396044, 0.00000142402135676329, 0.0000015002439523185, 0.00000157844431214471, 0.0000016586202138017, 0.00000174076904059889, 0.00000182488833942356, 0.00000191097652507778, 0.0000019990304735984, 0.00000208904779942383, 0.00000218102622693397, 0.00000227496234674771, 0.00000237085432622732, 0.0000024686994493095, 0.00000256849453461181, 0.00000267023707915219, 0.00000277392362709502, 0.00000287955221141637, 0.00000298711938739871, 0.00000309662197364409, 0.00000320805723980993, 0.00000332142145658327, 0.00000343671252186009, 0.00000355392648998532, 0.00000367306040691855, 0.00000379411086020998, 0.00000391707384744943, 0.00000404194713070034, 0.00000416872717323713, 0.00000429806335747674, 0.00000443011256818355, 0.0000045641392888916, 0.00000470014115980275, 0.00000483811390949995, 0.0000049780529923694, 0.00000511995522328792, 0.00000526381581794564, 0.00000540963160083362, 0.00000555739825358614, 0.00000570711168531671, 0.00000585876689193173, 0.00000601235995226671, 0.00000616788732888174, 0.00000632534420219599, 0.0000064847257194792, 0.00000664602916212456, 0.000006809247822917, 0.00000697437981271517, 0.00000714141742719221, 0.0000073103576973273, 0.0000074811972465305, 0.00000765392964035883, 0.00000782855180688026, 0.0000080050558608491, 0.00000818343983319518, 0.00000836369998246558, 0.0000085458283302152, 0.00000872982289322206, 0.00000891567560756812, 0.00000910338368402814, 0.00000929294346988171, 0.0000094843458997275, 0.00000967759007673077, 0.00000987266776064644]
time=[0., 10.]
