last-generated=2019-01-08
statistics-simulation=
{
  "numerical Jacobians": "0", 
  "nonlinear": " ", 
  "linear": " "
}
unitTests.x[1]=[-1., -1., -1., -1., -1., -1., -1., -1., -1., -1., -1., -1., -1., -1., -1., -1., -1., -1., -1., -1., -1., -1., -1., -1., -1., -1., -1., -1., -1., -1., -1., -1., -0.99999994039549733316, -0.99999994039521311606, -0.99999976158170511553, -0.99999940395355224609, -0.9999983310682409865, -0.99999547004898658997, -0.99998772143663927636, -0.99996662142763170777, -0.99990922212600708008, -0.99975323651000258529, -0.9993293271210164086, -0.99817788915663940852, -0.99505478570273853123, -0.98661428689956665039, -0.96402754645273336376, -0.90514807895060844789, -0.76159454731829501206, -0.46211752263306327126, 0., 0.46211752263306327126, 0.76159454731829501206, 0.90514807895060844789, 0.96402754645273369682, 0.98661428689956665039, 0.99505478570273864225, 0.99817788915663940852, 0.9993293271210164086, 0.99975323651000258529, 0.99990922212600708008, 0.99996662142763170777, 0.99998772146420833451, 0.99999547003733368911, 0.9999983310682409865, 0.99999940395355224609, 0.99999976158170511553, 0.99999994039535522461, 0.99999994039535522461, 1., 1., 1., 1., 1., 1., 1., 1., 1., 1., 1., 1., 1., 1., 1., 1., 1., 1., 1., 1., 1., 1., 1., 1., 1., 1., 1., 1., 1., 1., 1., 1.]
time=[0., 10.]
unitTests.x[2]=[0., 0., 0., 0., 0., 0., 0., 0., 0., 0., 0., 0., 0., 0., 0., 0., 0., 0., 0., 0., 0., 0., 0., 0., 0., 0., 0., 0., 0., 0., 0.00000004122307117882, 0.00000011205604728123, 0.00000030459944947165, 0.00000082798792896877, 0.00000225070094619851, 0.00000611804262007354, 0.00001663056473672732, 0.00004520636368269982, 0.00012288279623991815, 0.00033402256900636249, 0.00090791616821661592, 0.00246758949605044688, 0.00670476741003440957, 0.01820439310686714635, 0.04933014363252981316, 0.13296113908290863037, 0.35325446627419515577, 0.903534910480644049, 2.09986873755106762118, 3.9322367937555879891, 5., 3.9322367937555879891, 2.09986873755106762118, 0.903534910480644049, 0.3532544662741918251, 0.13296113908290863037, 0.04933014363252941764, 0.01820439310686729206, 0.00670476741003440957, 0.00246758949605047073, 0.00090791616821661592, 0.00033402256900636249, 0.00012288251894764497, 0.00004520647867101943, 0.00001663056473672732, 0.00000611804262007354, 0.0000022507009461985, 0.00000082798606054403, 0.00000030460022426447, 0.00000011205604728123, 0.00000004122307117882, 0., 0., 0., 0., 0., 0., 0., 0., 0., 0., 0., 0., 0., 0., 0., 0., 0., 0., 0., 0., 0., 0., 0., 0., 0., 0., 0., 0., 0., 0.]
unitTests.x[3]=[0., 0., 0., 0., 0.00000000000000000001, 0.00000000000000000003, 0.00000000000000000008, 0.00000000000000000021, 0.00000000000000000057, 0.00000000000000000156, 0.00000000000000000425, 0.00000000000000001155, 0.00000000000000003139, 0.00000000000000008533, 0.00000000000000023195, 0.00000000000000063051, 0.00000000000000171391, 0.00000000000000465888, 0.00000000000001266417, 0.00000000000003442478, 0.00000000000009357623, 0.00000000000025436684, 0.00000000000069143972, 0.00000000000187952986, 0.00000000000510908452, 0.00000000001388794375, 0.00000000003775138357, 0.00000000010261875106, 0.00000000027894695734, 0.00000000075825541364, 0.00000000206115369217, 0.00000000560280236406, 0.00000001522997247358, 0.00000004139939644845, 0.0000001125350643629, 0.00000030590223332183, 0.00000083152891895934, 0.00000226032323182668, 0.00000614417791986793, 0.00001670140784664989, 0.00004539786823443137, 0.00012339471069343239, 0.00033535084569192696, 0.00091104960084869777, 0.00247262111847043609, 0.00669285096228122711, 0.01798622863621629139, 0.04742596797524086666, 0.11920273379136202274, 0.26894125358462955822, 0.5, 0.73105877621747972217, 0.88079727365886328894, 0.95257403947530416843, 0.98201374342418656926, 0.99330717325210571289, 0.99752736304918898647, 0.99908894457860386584, 0.99966466356079242139, 0.9998766182548591841, 0.99995458126068115234, 0.99998331071395796243, 0.99999386073238838435, 0.99999773501895106165, 0.99999916553412049325, 0.99999970197677612305, 0.99999988079071044922, 0.99999994039535522461, 1., 1., 1., 1., 1., 1., 1., 1., 1., 1., 1., 1., 1., 1., 1., 1., 1., 1., 1., 1., 1., 1., 1., 1., 1., 1., 1., 1., 1., 1., 1., 1., 1.]
