last-generated=2017-10-26
statistics-simulation=
{
  "numerical Jacobians": "0", 
  "nonlinear": " ", 
  "number of continuous time states": "100", 
  "linear": " "
}
unitTests.x[1]=[0., 0.12673154473304748535, 0.21464082598686218262, 0.27872872352600097656, 0.32784724235534667969, 0.36692404747009277344, 0.39896687865257263184, 0.42588821053504943848, 0.44895219802856445312, 0.46906438469886779785, 0.48687958717346191406, 0.50286668539047241211, 0.51736748218536376953, 0.53064483404159545898, 0.54290699958801269531, 0.55431562662124633789, 0.56501978635787963867, 0.57512742280960083008, 0.58471399545669555664, 0.59383171796798706055, 0.60254585742950439453, 0.61089110374450683594, 0.61891716718673706055, 0.62665569782257080078, 0.63413923978805541992, 0.64139181375503540039, 0.64843326807022094727, 0.65528029203414916992, 0.66194516420364379883, 0.66844063997268676758, 0.67477715015411376953, 0.68096560239791870117, 0.68701291084289550781, 0.69292366504669189453, 0.69870358705520629883, 0.70435637235641479492, 0.70989155769348144531, 0.71530967950820922852, 0.7206128239631652832, 0.72580558061599731445, 0.73089379072189331055, 0.73587757349014282227, 0.74075865745544433594, 0.74554222822189331055, 0.75022965669631958008, 0.75482261180877685547, 0.75932317972183227539, 0.76373445987701416016, 0.76805764436721801758, 0.77229440212249755859, 0.77644711732864379883, 0.78051751852035522461, 0.78450721502304077148, 0.78841769695281982422, 0.79225057363510131836, 0.79600721597671508789, 0.79968893527984619141, 0.80329746007919311523, 0.80683428049087524414, 0.81030035018920898438, 0.81369680166244506836, 0.81702470779418945312, 0.82028520107269287109, 0.82347911596298217773, 0.82660824060440063477, 0.82967609167098999023, 0.83268195390701293945, 0.83562695980072021484, 0.83851230144500732422, 0.84133893251419067383, 0.84410804510116577148, 0.84682059288024902344, 0.84947878122329711914, 0.85208296775817871094, 0.85463428497314453125, 0.85713368654251098633, 0.85958218574523925781, 0.86198091506958007812, 0.86433070898056030273, 0.86663269996643066406, 0.86888784170150756836, 0.87109702825546264648, 0.87326121330261230469, 0.87538123130798339844, 0.87745803594589233398, 0.87949252128601074219, 0.88148546218872070312, 0.88343757390975952148, 0.88534981012344360352, 0.8872229456901550293, 0.88905769586563110352, 0.89085483551025390625, 0.89261507987976074219, 0.8943392634391784668, 0.89602804183959960938, 0.89768218994140625, 0.89930230379104614258, 0.90088903903961181641, 0.90244305133819580078, 0.90396505594253540039, 0.90545558929443359375]
time=[0., 100.]
