last-generated=2017-10-26
statistics-simulation=
{
  "numerical Jacobians": "0", 
  "nonlinear": " ", 
  "number of continuous time states": "300", 
  "linear": " "
}
unitTests.x[1]=[320., 320.12548828125, 320.2493896484375, 320.371856689453125, 320.492828369140625, 320.61260986328125, 320.731109619140625, 320.848297119140625, 320.9642333984375, 321.0792236328125, 321.193145751953125, 321.30596923828125, 321.417694091796875, 321.528289794921875, 321.637786865234375, 321.74615478515625, 321.853424072265625, 321.95989990234375, 322.0655517578125, 322.170196533203125, 322.27386474609375, 322.376556396484375, 322.47821044921875, 322.578887939453125, 322.6785888671875, 322.777618408203125, 322.87628173828125, 322.97412109375, 323.071197509765625, 323.16741943359375, 323.26287841796875, 323.357513427734375, 323.451324462890625, 323.54437255859375, 323.6365966796875, 323.727996826171875, 323.818634033203125, 323.908447265625, 323.9974365234375, 324.085662841796875, 324.173065185546875, 324.259674072265625, 324.346282958984375, 324.43212890625, 324.517303466796875, 324.60174560546875, 324.68548583984375, 324.76849365234375, 324.850799560546875, 324.932373046875, 325.013275146484375, 325.093414306640625, 325.172882080078125, 325.251617431640625, 325.32965087890625, 325.406951904296875, 325.483551025390625, 325.559417724609375, 325.63519287109375, 325.71063232421875, 325.785491943359375, 325.859710693359375, 325.933349609375, 326.006378173828125, 326.07879638671875, 326.150604248046875, 326.2218017578125, 326.292388916015625, 326.36236572265625, 326.4317626953125, 326.500518798828125, 326.568695068359375, 326.636260986328125, 326.703216552734375, 326.769744873046875, 326.836212158203125, 326.902130126953125, 326.967559814453125, 327.032440185546875, 327.0968017578125, 327.16064453125, 327.22393798828125, 327.286712646484375, 327.348968505859375, 327.41070556640625, 327.471923828125, 327.5325927734375, 327.592742919921875, 327.652374267578125, 327.711456298828125, 327.770050048828125, 327.828369140625, 327.88623046875, 327.943634033203125, 328.000579833984375, 328.05706787109375, 328.11309814453125, 328.168670654296875, 328.223785400390625, 328.278472900390625, 328.332672119140625]
time=[0., 100.]
