last-generated=2021-05-04
statistics-initialization=
{
  "numerical Jacobians": "1", 
  "nonlinear": "1"
}
statistics-simulation=
{
  "numerical Jacobians": "0", 
  "nonlinear": " ", 
  "number of continuous time states": "26", 
  "linear": "2, 2, 2, 2, 2"
}
unitTests.x[1]=[0., 0., 0., 0., 0., 0., 0., 0., 0., 0., 0., 0., 0., 0., 0., 0., 0., 0., 0., 0., 0., 0., 0., 0., 0., 0., 0., 0., 0., 0., 0., 0., 0., 0., 0., 0., 0., 0., 0.00152046023868024349, 0.00151902425568550825, 0.00151899969205260277, 0.00151900004129856825, 0.00151900004129856825, 0.00151900004129856825, 0.00151900004129856825, 0.00151900004129856825, 0.00150484079495072365, 0.00151905021630227566, 0.00151900050695985556, 0.00151900004129856825, 0.00151900004129856825, 0.00151900004129856825, 0.00151900004129856825, 0.00151900004129856825, 0.00151900004129856825, 0.0015189864207059145, 0.00151899782940745354, 0.00151900015771389008, 0.00151900004129856825, 0.00151900004129856825, 0.00151900004129856825, 0.00151900004129856825, 0.00151900004129856825, 0.00151800643652677536, 0.00151897466275840998, 0.0015190002741292119, 0.00151900004129856825, 0.00151900004129856825, 0.00151900004129856825, 0.00151900004129856825, 0.00151900004129856825, 0.00151900004129856825, 0.00151900004129856825, 0.00151900004129856825, 0.00151900004129856825, 0.00151900004129856825, 0.00151122524403035641, 0.00151122524403035641, 0.00151122524403035641, 0.00151122524403035641, 0.00151122524403035641, 0.00151122524403035641, 0.00151122524403035641, 0.00151122524403035641, 0.00151122524403035641, 0.00151122524403035641, 0.00151122524403035641, 0.00151122524403035641, 0.00151122524403035641, 0.00151122524403035641, 0.00151122524403035641, 0.00151122524403035641, 0.00151122524403035641, 0.00151122524403035641, 0.00151122524403035641, 0.00151122524403035641, 0.00151122524403035641, 0.00151122524403035641, 0.00151122524403035641, 0.00151122524403035641, 0.00151122524403035641]
time=[0., 86400.]
