last-generated=2021-05-04
statistics-simulation=
{
  "numerical Jacobians": "0", 
  "nonlinear": " ", 
  "number of continuous time states": "65", 
  "linear": "0, 0, 0, 0, 0, 0, 0, 0, 0, 0, 0, 0, 0, 0, 0, 0, 0, 0, 0, 0, 0, 0"
}
unitTests.x[1]=[293.173309326171875, 293.1697998046875, 293.165435791015625, 293.162017822265625, 293.15936279296875, 293.157257080078125, 293.155670166015625, 293.154449462890625, 293.1534423828125, 293.152679443359375, 293.152069091796875, 302.47882080078125, 315.92193603515625, 317.926910400390625, 340.612091064453125, 350.552520751953125, 351.419525146484375, 352.049224853515625, 352.439117431640625, 345.60223388671875, 331.53875732421875, 332.06610107421875, 335.850799560546875, 339.412689208984375, 342.256072998046875, 344.47918701171875, 346.265411376953125, 347.76617431640625, 349.08526611328125, 350.287841796875, 351.4127197265625, 352.481658935546875, 353.506317138671875, 354.493560791015625, 355.445526123046875, 356.363922119140625, 357.2491455078125, 358.10113525390625, 358.92034912109375, 359.707061767578125, 360.460784912109375, 353.350250244140625, 304.638641357421875, 297.292816162109375, 295.690216064453125, 295.48358154296875, 295.7197265625, 295.99365234375, 296.096466064453125, 295.99212646484375, 295.7427978515625, 295.480865478515625, 295.4278564453125, 295.642913818359375, 295.550567626953125, 295.389190673828125, 295.5120849609375, 295.804962158203125, 296.111480712890625, 296.281982421875, 296.1663818359375, 295.80633544921875, 295.3851318359375, 295.00787353515625, 294.68634033203125, 294.415771484375, 294.189666748046875, 294.001739501953125, 293.8463134765625, 293.718353271484375, 293.61334228515625, 293.527496337890625, 293.457489013671875, 293.400482177734375, 293.3541259765625, 293.316497802734375, 293.285919189453125, 293.26104736328125, 293.2408447265625, 293.224395751953125, 293.21099853515625, 293.4095458984375, 302.518798828125, 297.572723388671875, 295.862884521484375, 295.2349853515625, 295.007110595703125, 294.9857177734375, 294.9796142578125, 294.901580810546875, 294.754730224609375, 294.5714111328125, 294.3787841796875, 294.18505859375, 294.004302978515625, 293.850128173828125, 293.718994140625, 293.608642578125, 293.51678466796875, 293.44110107421875, 293.37933349609375]
time=[0., 1000.]
unitTests.x[2]=[293.173187255859375, 293.1683349609375, 293.164276123046875, 293.161102294921875, 293.158660888671875, 293.15673828125, 293.155242919921875, 293.15411376953125, 293.1531982421875, 293.1524658203125, 293.15191650390625, 293.16851806640625, 293.83685302734375, 295.078125, 296.004364013671875, 296.126708984375, 296.2269287109375, 296.207183837890625, 296.133087158203125, 296.0067138671875, 295.7808837890625, 295.47027587890625, 295.176788330078125, 294.949371337890625, 294.781646728515625, 294.65667724609375, 294.559722900390625, 294.480499267578125, 294.412384033203125, 294.351318359375, 294.29486083984375, 294.241546630859375, 294.190673828125, 294.141632080078125, 294.094329833984375, 294.048614501953125, 294.004425048828125, 293.961822509765625, 293.920684814453125, 293.88104248046875, 293.842926025390625, 293.67987060546875, 293.301239013671875, 293.9664306640625, 294.75775146484375, 294.843231201171875, 294.60296630859375, 294.317962646484375, 294.0869140625, 293.91162109375, 293.776092529296875, 303.03460693359375, 319.8746337890625, 364.757843017578125, 372.45849609375, 372.96551513671875, 373.00909423828125, 373.021636962890625, 373.033355712890625, 373.04595947265625, 373.05401611328125, 372.9925537109375, 372.924346923828125, 372.847900390625, 372.765838623046875, 372.689208984375, 372.62884521484375, 372.59112548828125, 372.577606201171875, 372.585906982421875, 372.611419677734375, 372.649017333984375, 372.69384765625, 372.7418212890625, 372.7899169921875, 372.836090087890625, 372.87896728515625, 372.91790771484375, 372.95257568359375, 372.9830322265625, 373.00946044921875, 361.809600830078125, 301.78948974609375, 299.9683837890625, 300.478912353515625, 301.413360595703125, 302.615234375, 303.0811767578125, 302.78521728515625, 302.230926513671875, 301.573760986328125, 300.885772705078125, 300.18853759765625, 299.4969482421875, 298.817596435546875, 298.17218017578125, 297.571624755859375, 297.016448974609375, 296.50714111328125, 296.044219970703125, 295.628143310546875]
unitTests.x[3]=[0., 0., -0.0000291038304567337, 0.0000291038304567337, 0., 0., 0.0000291038304567337, 0.0000291038304567337, -0.0000291038304567337, -0.0000291038304567337, 0., 0.00270665623247623444, 0.00861473381519317627, 0.01161242835223674774, 0.01894659362733364105, 0.01900480128824710846, 0.01728767529129981995, 0.0153377186506986618, 0.01324224285781383514, 0.00992440618574619293, 0.00622821971774101257, 0.00378349795937538147, 0.00317231751978397369, 0.00293948687613010406, 0.00279396772384643555, 0.00267755240201950073, 0.0024447217583656311, 0.00235741026699542999, 0.00227009877562522888, 0.00221189111471176147, 0.00209547579288482666, 0.00194995664060115814, 0.00180443748831748962, 0.00174622982740402222, 0.00165891833603382111, 0.00154250301420688629, 0.00145519152283668518, 0.00142608769237995148, 0.00133877620100975037, 0.00128056854009628296, 0.00119325704872608185, -0.00617001205682754517, -0.02104206942021846771, -0.02075103111565113068, -0.01958687789738178253, -0.01798616722226142883, -0.01577427610754966736, -0.01309672370553016663, -0.01015723682940006256, -0.00785803422331809998, -0.00617001205682754517, -0.00811996869742870331, -0.01201988197863101959, -0.01958687789738178253, -0.02066371962428092957, -0.0193540472537279129, -0.01763692125678062439, -0.01586158759891986847, -0.01385342329740524292, -0.01114676706492900848, -0.00733416527509689331, -0.00424915924668312073, -0.00328873284161090851, -0.00302679836750030518, -0.00279396772384643555, -0.00273576006293296814, -0.00259024091064929962, -0.00253203324973583221, -0.00227009877562522888, -0.00224099494516849518, -0.00206637196242809296, -0.00197906047105789185, -0.00186264514923095703, -0.00174622982740402222, -0.00171712599694728851, -0.00165891833603382111, -0.00154250301420688629, -0.00151339918375015259, -0.00133877620100975037, -0.00133877620100975037, -0.00130967237055301666, 0.00573345459997653961, 0.02086744643747806549, 0.02063461579382419586, 0.01949956640601158142, 0.0177533365786075592, 0.01562875695526599884, 0.012863893061876297, 0.01004082150757312775, 0.00774161890149116516, 0.00605359673500061035, 0.00474392436444759369, 0.00378349795937538147, 0.00305590219795703888, 0.0024447217583656311, 0.00192085281014442444, 0.0016007106751203537, 0.00125146470963954926, 0.00098953023552894592, 0.00093132257461547852, 0.00075669959187507629]
