last-generated=2019-01-08
statistics-simulation=
{
  "numerical Jacobians": "0", 
  "nonlinear": " ", 
  "linear": " "
}
unitTests.x[1]=[3.66000008583068847656, 3.80171451309108210381, 3.98553246187733467565, 4.1728650079208877699, 4.35420388119350310063, 4.52818821578711361298, 4.69328032505399939112, 4.85110518587089867282, 5.00158474713287226621, 5.1453545695862628051, 5.28342674125713607225, 5.415446193812893938, 5.54273616361042176237, 5.66529747065111255466, 5.7835308959471536383, 5.89805930040311654494, 6.00860332579162914612, 6.11598890331959488265, 6.2201758907631008455, 6.32139284603238138516, 6.42003390252152339457, 6.51586787822946966742, 6.60944787168028735636, 6.70072020404524426596, 6.78982400369773841931, 6.8770294189453125, 6.96214369239031327652, 7.04556284669188936931, 7.12723177896204074244, 7.20724179196483305532, 7.28578844286438709332, 7.36271122065552940938, 7.43830752942490658342, 7.51252541031592180332, 7.58542811672193550976, 7.65716461581318430518, 7.72759788752088727648, 7.79696108408785715227, 7.86520760913375305279, 7.93238193192749641014, 7.99860139728521879476, 8.06374933651934355794, 8.1280130841374642614, 8.19135070105180851385, 8.25379506635073667553, 8.31544120423286159394, 8.37618822776944149666, 8.43619061225127353509, 8.49541002879692896954, 8.55387281602592430829, 8.61165714263916015625, 8.55387288524224231878, 8.49540999364051252485, 8.43619057681291373285, 8.37618833583143285182, 8.31544120423286159394, 8.25379499247087267122, 8.19135085139556551326, 8.1280130841374642614, 8.06374922069552546589, 7.99860159247450308584, 7.93238193192749641014, 7.8652074472241508829, 7.79696124760180442337, 7.72759788752088727648, 7.6571644033199062207, 7.58542824584980390767, 7.51252541031592180332, 7.43830735148696131631, 7.36271131168295589475, 7.2857884428643879815, 7.20724165044332565344, 7.12723182732792182037, 7.04556289568259064282, 6.96214359178727448807, 6.8770294189453125, 6.7898240299174466017, 6.70072025803808291045, 6.60944781686792648401, 6.5158679913247112836, 6.42003404666367494258, 6.32139272719905243036, 6.22017610613828253463, 6.11598899731696743487, 6.00860313055005068605, 5.89805963363040675063, 5.78353093052399724883, 5.66529718175822338821, 5.54273638525247225317, 5.41544615507694260259, 5.2834264357073754681, 5.14535475781918449911, 5.00158461452687763682, 4.85110495841617783697, 4.69328046987589253547, 4.52818802348689253279, 4.35420372278289313783, 4.17286509807384220494, 3.98553238462940040421, 3.80171447416654606499, 3.66000008583068847656]
time=[0., 2.]
unitTests.x[2]=[4.354000091552734375, 4.50561246592759534479, 4.70980356682423373371, 4.92474422294698133129, 5.13601807310337310497, 5.3405213205053918557, 5.53587514114596768167, 5.72336937515034005486, 5.90271666829383612196, 6.07447749685067783787, 6.23972079699217996307, 6.3979731652666123054, 6.55072318897845917718, 6.69794347075955798232, 6.84008015754629106198, 6.97784987884017748883, 7.11090845994463016666, 7.24022376656946686779, 7.36574062879493052236, 7.48772299770301330568, 7.60663696582087656139, 7.7222008432354805052, 7.83507253061953967688, 7.94518488534815414681, 8.05270156227535061078, 8.15794467926025390625, 8.2606814402302024547, 8.36138390384993535065, 8.45998705649689064501, 8.55659798014083605722, 8.65145099827939034753, 8.74435174650605162583, 8.83565775643298145781, 8.92530606569004447692, 9.01337219933117772541, 9.10003476466049754379, 9.18512857328722454042, 9.2689336381597584591, 9.35139373877249546752, 9.43256189357991381428, 9.51257987038202479368, 9.59130709586482232964, 9.66896806493729776832, 9.74551138195487709481, 9.82097894547006866617, 9.89548405843709844021, 9.96890424355436799431, 10.04142609499268345985, 10.11300437946672836631, 10.18366806966508164578, 10.253513336181640625, 10.18366815332965913399, 10.1130043369734394787, 10.04142605215833405907, 9.96890437416189989506, 9.89548405843709666385, 9.82097885618158983334, 9.7455115636472342544, 9.66896806493729776832, 9.59130695589671589119, 9.51258010625243599634, 9.43256189357991381428, 9.35139354314074466856, 9.26893383572690865435, 9.18512857328722454042, 9.10003450794907919885, 9.01337235532362335277, 8.92530606569004447692, 8.83565754150754756324, 8.74435185644363777158, 8.65145099827939034753, 8.55659780924709245653, 8.4599871148935594789, 8.36138396299693553715, 8.26068131879060096878, 8.15794467926025390625, 8.05270159391635331758, 7.94518495049008155462, 7.83507246449719030323, 7.72220097962843876616, 7.60663713962223297926, 7.48772285446437280143, 7.36574088829466422368, 7.24022387979714121542, 7.11090822488912532862, 6.97785027985870343059, 6.84008019912986231503, 6.69794312364644106594, 6.5507234551423687563, 6.39797311881043739845, 6.23972043116704000454, 6.0744777219793757439, 5.90271651011383280405, 5.72336910428629419556, 5.53587531283922817948, 5.34052109406003516767, 5.13601788745686871351, 4.92474432703490538898, 4.70980347874079185999, 4.50561242404903072867, 4.354000091552734375]
