last-generated=2017-10-18
statistics-initialization=
{
  "numerical Jacobians": "1", 
  "nonlinear": "70"
}
statistics-simulation=
{
  "numerical Jacobians": "0", 
  "nonlinear": "20, 1, 1, 1", 
  "number of continuous time states": "80", 
  "linear": "0, 0, 0, 0, 0, 0, 0, 0, 0, 0"
}
unitTests.x[1]=[100003.375, 100003.375, 100003.375, 100003.375, 100003.375, 100003.375, 100003.375, 100003.375, 100003.375, 100003.375, 100003.375, 100003.375, 100003.375, 100003.375, 100003.375, 100003.375, 100003.375, 100003.375, 100003.375, 100003.375, 100003.375, 100003.375, 100003.375, 100003.375, 100003.375, 100003.375, 100003.375, 100003.375, 100003.375, 100003.375, 100003.375, 100003.375, 100003.375, 100003.375, 100003.375, 100003.375, 100003.375, 100003.375, 100003.375, 100003.375, 100003.375, 100003.375, 100003.375, 100003.375, 100003.375, 100003.375, 100003.375, 100003.375, 100003.375, 100003.375, 100003.375, 100003.375, 100003.375, 100003.375, 100003.375, 100003.375, 100003.375, 100003.375, 100003.375, 100003.375, 100003.375, 100003.375, 100003.375, 100003.375, 100003.375, 100003.375, 100003.375, 100003.375, 100003.375, 100003.375, 100003.375, 100003.375, 100003.375, 100003.375, 100003.375, 100003.375, 100003.375, 100003.375, 100003.375, 100003.375, 100003.375, 100003.375, 100003.375, 100003.375, 100003.375, 100003.375, 100003.375, 100003.375, 100003.375, 100003.375, 100003.375, 100003.375, 100003.375, 100003.375, 100003.375, 100003.375, 100003.375, 100003.375, 100003.375, 100003.375, 100003.375]
unitTests.x[2]=[100076.203125, 100076.203125, 100076.203125, 100076.203125, 100076.203125, 100076.203125, 100076.203125, 100076.203125, 100076.203125, 100076.203125, 100076.203125, 100076.203125, 100076.203125, 100076.203125, 100076.203125, 100076.203125, 100076.203125, 100076.203125, 100076.203125, 100076.203125, 100076.203125, 100076.203125, 100076.203125, 100076.203125, 100076.203125, 100076.203125, 100076.203125, 100076.203125, 100076.203125, 100076.203125, 100076.203125, 100076.203125, 100076.203125, 100076.203125, 100076.203125, 100076.203125, 100076.203125, 100076.203125, 100076.203125, 100076.203125, 100076.203125, 100076.203125, 100076.203125, 100076.203125, 100076.203125, 100076.203125, 100076.203125, 100076.203125, 100076.203125, 100076.203125, 100076.203125, 100076.203125, 100076.203125, 100076.203125, 100076.203125, 100076.203125, 100076.203125, 100076.203125, 100076.203125, 100076.203125, 100076.203125, 100076.203125, 100076.203125, 100076.203125, 100076.203125, 100076.203125, 100076.203125, 100076.203125, 100076.203125, 100076.203125, 100076.203125, 100076.203125, 100076.203125, 100076.203125, 100076.203125, 100076.203125, 100076.203125, 100076.203125, 100076.203125, 100076.203125, 100076.203125, 100076.203125, 100076.203125, 100076.203125, 100076.203125, 100076.203125, 100076.203125, 100076.203125, 100076.203125, 100076.203125, 100076.203125, 100076.203125, 100076.203125, 100076.203125, 100076.203125, 100076.203125, 100076.203125, 100076.203125, 100076.203125, 100076.203125, 100076.203125]
time=[0., 1000.]
unitTests.x[3]=[130450.625, 130450.625, 130450.625, 130450.625, 130450.625, 130450.625, 130450.625, 130450.625, 130450.625, 130450.625, 130450.625, 130450.625, 130450.625, 130450.625, 130450.625, 130450.625, 130450.625, 130450.625, 130450.625, 130450.625, 130450.625, 130450.625, 130450.625, 130450.625, 130450.625, 130450.625, 130450.625, 130450.625, 130450.625, 130450.625, 130450.625, 130450.625, 130450.625, 130450.625, 130450.625, 130450.625, 130450.625, 130450.625, 130450.625, 130450.625, 130450.625, 130450.625, 130450.625, 130450.625, 130450.625, 130450.625, 130450.625, 130450.625, 130450.625, 130450.625, 130450.625, 130450.625, 130450.625, 130450.625, 130450.625, 130450.625, 130450.625, 130450.625, 130450.625, 130450.625, 130450.625, 130450.625, 130450.625, 130450.625, 130450.625, 130450.625, 130450.625, 130450.625, 130450.625, 130450.625, 130450.625, 130450.625, 130450.625, 130450.625, 130450.625, 130450.625, 130450.625, 130450.625, 130450.625, 130450.625, 130450.625, 130450.625, 130450.625, 130450.625, 130450.625, 130450.625, 130450.625, 130450.625, 130450.625, 130450.625, 130450.625, 130450.625, 130450.625, 130450.625, 130450.625, 130450.625, 130450.625, 130450.625, 130450.625, 130450.625, 130450.625]
unitTests.x[4]=[188639.640625, 188639.640625, 188639.640625, 188639.640625, 188639.640625, 188639.640625, 188639.640625, 188639.640625, 188639.640625, 188639.640625, 188639.640625, 188639.640625, 188639.640625, 188639.640625, 188639.640625, 188639.640625, 188639.640625, 188639.640625, 188639.640625, 188639.640625, 188639.640625, 188639.640625, 188639.640625, 188639.640625, 188639.640625, 188639.640625, 188639.640625, 188639.640625, 188639.640625, 188639.640625, 188639.640625, 188639.640625, 188639.640625, 188639.640625, 188639.640625, 188639.640625, 188639.640625, 188639.640625, 188639.640625, 188639.640625, 188639.640625, 188639.640625, 188639.640625, 188639.640625, 188639.640625, 188639.640625, 188639.640625, 188639.640625, 188639.640625, 188639.640625, 188639.640625, 188639.640625, 188639.640625, 188639.640625, 188639.640625, 188639.640625, 188639.640625, 188639.640625, 188639.640625, 188639.640625, 188639.640625, 188639.640625, 188639.640625, 188639.640625, 188639.640625, 188639.640625, 188639.640625, 188639.640625, 188639.640625, 188639.640625, 188639.640625, 188639.640625, 188639.640625, 188639.640625, 188639.640625, 188639.640625, 188639.640625, 188639.640625, 188639.640625, 188639.640625, 188639.640625, 188639.640625, 188639.640625, 188639.640625, 188639.640625, 188639.640625, 188639.640625, 188639.640625, 188639.640625, 188639.640625, 188639.640625, 188639.640625, 188639.640625, 188639.640625, 188639.640625, 188639.640625, 188639.640625, 188639.640625, 188639.640625, 188639.640625, 188639.640625]
