last-generated=2018-04-05
statistics-simulation=
{
  "numerical Jacobians": "0", 
  "nonlinear": " ", 
  "linear": " "
}
unitTests.x[1]=[4000., 4313.95263204493039665977, 4626.66600632901645440143, 4936.9067014506636041915, 5243.44920058427214826224, 5545.0849609375, 5840.62248878136870189337, 6128.89651816011337359669, 6408.76852175658314081375, 6679.1338520500457889284, 6938.92626953125, 7187.1200591765255012433, 7422.7352417205374877085, 7644.84336357582560594892, 7852.56645362991730507929, 8045.0849609375, 8221.63960790688543056604, 8381.53313013528713781852, 8524.13580511665168160107, 8648.88283963410867727362, 8755.2822265625, 8842.91608830548284458928, 8911.43649444307266094256, 8960.57326002932859410066, 8990.13376837314899603371, 9000., 8990.13376837314899603371, 8960.57326002932859410066, 8911.43649444307266094256, 8842.91608830548284458928, 8755.2822265625, 8648.88270045713034051005, 8524.1358051170263934182, 8381.53313013485239935108, 8221.63980738181817287114, 8045.0849609375, 7852.56621382693174382439, 7644.843363576432238915, 7422.73524171988265152322, 7187.12034683091042097658, 6938.92626953125, 6679.13353509524949913612, 6408.76802779125046072295, 6128.89702493842105468502, 5840.62283646108880930115, 5545.0849609375, 5243.44892809791508625494, 4936.90614899098727619275, 4626.66660962776131782448, 4313.95293560605932725593, 4000., 3686.0470643927765195258, 3373.33314623626984030125, 3063.09409514730896262336, 2756.55082776378503695014, 2454.9150390625, 2159.37691939944761543302, 1871.10297505925291261519, 1591.23221634588207962224, 1320.86622076471007858345, 1061.07373046875, 812.87983627368532779656, 577.2640311141078655055, 355.15727327390175105393, 147.43398453565257000264, -45.084972381591796875, -221.6397921219391946579, -381.53367159641811667825, -524.13499537435018282849, -648.88233424939414817345, -755.2825927734375, -842.91590520321540225268, -911.43638787638462872565, -960.57340749392210454971, -990.13364630138164557138, -1000., -990.13364630138164557138, -960.57340749392210454971, -911.43638787638462872565, -842.91590520321540225268, -755.2825927734375, -648.8828804349328720491, -524.13499538051394210925, -381.53367158961594896027, -221.63898470578595834013, -45.084972381591796875, 147.43303405016607143807, 355.15727326405522035202, 577.26403112446223531151, 812.880994072594262434, 1061.07373046875, 1320.86495902181241035578, 1591.23221633332263991178, 1871.10297507214067991299, 2159.37831424972455351963, 2454.9150390625, 2756.5493782679350260878, 3063.09409513325954321772, 3373.33314625043431078666, 3686.04855975191730976803, 4000.]
time=[0., 10.]
unitTests.x[2]=[0.25, 0.6908389270660527659, 0.96329235513924227341, 0.96329237426701974645, 0.69083895461897781853, 0.25, -0.19083883819161168161, -0.4632924040693036094, -0.46329240406930344287, -0.19083883819161212569, 0.25, 0.69083883819132074766, 0.96329227764151592606, 0.96329227764151592606, 0.69083883819131985948, 0.25, -0.19083883819132962945, -0.46329230744376764806, -0.46329230744376764806, -0.19083883819132960169, 0.25, 0.69083927903874442489, 0.96329227764102365317, 0.96329227764102287601, 0.69083927903874453591, 0.25, -0.1908392790387444804, -0.46329230744327493108, -0.46329230744327420943, -0.1908392790387444804, 0.25, 0.69083927903874442489, 0.96329227764102365317, 0.96329227764102287601, 0.69083927903874287058, 0.25, -0.19083927903874287058, -0.46329230744327493108, -0.46329230744327493108, -0.19083927903874287058, 0.25, 0.69083927903874287058, 0.96329258368585624073, 0.96329258368585624073, 0.69083927903874287058, 0.25, -0.19083927903874609022, -0.46329261348789335662, -0.46329261348789435582, -0.19083927903874287058, 0.25, 0.69083927903874287058, 0.96329258368585624073, 0.9632925836858551305, 0.69083927903874287058, 0.25, -0.19083927903874609022, -0.46329261348789335662, -0.46329261348789435582, -0.19083927903874609022, 0.25, 0.69083927903874287058, 0.96329258368585624073, 0.96329258368585624073, 0.69083927903874287058, 0.25, -0.19083927903874609022, -0.46329261348789435582, -0.46329261348789335662, -0.19083927903874609022, 0.25, 0.69083927903874287058, 0.9632925836858551305, 0.96329258368585624073, 0.69083927903874287058, 0.25, -0.19083927903874287058, -0.46329261348789435582, -0.46329261348789335662, -0.19083927903874287058, 0.25, 0.69083741623187666647, 0.96329258368052950168, 0.9632925836805316111, 0.69083741623186956105, 0.25, -0.19083741623201166959, -0.46329261348256767228, -0.46329261348256767228, -0.19083741623201166959, 0.25, 0.69083741623186956105, 0.9632925836805316111, 0.96329258368052950168, 0.69083741623187666647, 0.25, -0.19083741623201166959, -0.46329261348256767228, -0.46329261348256767228, -0.19083741623201166959, 0.25]
unitTests.x[3]=[10550000., 10549999.25597818382084369659, 10549998.51195581443607807159, 10549994.04782766662538051605, 10549997.02391384728252887726, 10550000., 10549988.09567307308316230774, 10550005.95216382667422294617, 10549994.04783656448125839233, 10550011.90432754158973693848, 10550000., 10549988.09563765116035938263, 10549976.19141709990799427032, 10550023.80858423933386802673, 10550011.90436313115060329437, 10550000., 10549988.09563765116035938263, 10549976.19141721166670322418, 10550023.80858412943780422211, 10550011.90436301939189434052, 10550000., 10550047.61745230108499526978, 10549976.19127530232071876526, 10550023.80872626043856143951, 10549952.3825503811240196228, 10550000., 10550047.61745230108499526978, 10549976.19127530232071876526, 10550023.80872626043856143951, 10549952.3825503811240196228, 10550000., 10550047.61745230108499526978, 10549976.19127530232071876526, 10550023.80872626043856143951, 10549952.38255060277879238129, 10550000., 10550047.61745207943022251129, 10549976.19127530232071876526, 10550023.80872603878378868103, 10549952.38255060277879238129, 10550000., 10550047.61745207943022251129, 10550095.23490460216999053955, 10549904.76510076224803924561, 10549952.38255060277879238129, 10550000., 10550047.61745252273976802826, 10550095.23490415886044502258, 10549904.76510076224803924561, 10549952.38255060277879238129, 10550000., 10550047.61745207943022251129, 10550095.23490460216999053955, 10549904.76510120555758476257, 10549952.38255060277879238129, 10550000., 10550047.61745252273976802826, 10550095.23490415886044502258, 10549904.76510076224803924561, 10549952.38255015946924686432, 10550000., 10550047.61745207943022251129, 10550095.23490460216999053955, 10549904.76510076224803924561, 10549952.38255060277879238129, 10550000., 10550047.61745252273976802826, 10550095.23490460216999053955, 10549904.76510120555758476257, 10549952.38255015946924686432, 10550000., 10550047.61745207943022251129, 10550095.23490415886044502258, 10549904.76510076224803924561, 10549952.38255060277879238129, 10550000., 10550047.61745207943022251129, 10550095.23490460216999053955, 10549904.76510120555758476257, 10549952.38255060277879238129, 10550000., 10549809.53474346175789833069, 10550095.23263363353908061981, 10549904.76737084425985813141, 10550190.46526815369725227356, 10550000., 10549809.53474257513880729675, 10550095.23263363353908061981, 10549904.76737173087894916534, 10550190.46526815369725227356, 10550000., 10549809.53474257513880729675, 10550095.23263452015817165375, 10549904.76737173087894916534, 10550190.46526726707816123962, 10550000., 10549809.53474257513880729675, 10550095.23263363353908061981, 10549904.76737173087894916534, 10550190.46526815369725227356, 10550000.]
unitTests.x[4]=[1183742.375, 153089.68186736421193927526, 12541.77950761324973427691, 12836.70049508702868479304, 204720.46694231784204021096, 1644283.5, 7378227.66766246035695075989, 11886419.05106942728161811829, 12118077.48842387087643146515, 7733648.54871152341365814209, 2030762.625, 344208.9823606566060334444, 22775.86745394089666660875, 23408.8250530944496858865, 383823.16198944993084296584, 2796277.75, 8220633.59267695993185043335, 13619043.7334170415997505188, 13722351.52909416146576404572, 8308382.05853899568319320679, 3787314.75, 442376.28874059603549540043, 26681.37927789386594668031, 26805.40620121267420472577, 451090.66444311325903981924, 4129495.5, 8378329.70374672766774892807, 14038805.30435576476156711578, 14003118.06359689123928546906, 8348242.23596314713358879089, 3787314.75, 430898.71486116445157676935, 25702.75964369074790738523, 25342.48942002583498833701, 405652.06185612018452957273, 2796277.75, 8143543.50857363361865282059, 13081423.27353061549365520477, 12913226.83847491815686225891, 7923308.40997049957513809204, 2030762.625, 309027.28701973846182227135, 17690.90497146040070219897, 16313.88722220479758107103, 246440.42051929101580753922, 1644283.5, 6975520.66755466070026159286, 10851368.92155810073018074036, 10613017.56741304323077201843, 6326097.08697981666773557663, 1183742.375, 123086.35587341109931003302, 11513.48484789220674429089, 10433.05429462382198835257, 76703.89236359478672966361, 1329026.5, 4960683.92250962834805250168, 7349638.295581095851957798, 6957032.25834116339683532715, 4459899.01090540830045938492, 2342597.25, 398683.73254581209039315581, 101028.64487390634894836694, 136078.28030217273044399917, 683646.08829214936122298241, 174753.703125, 3735260.17571935150772333145, 4544327.80375625845044851303, 4682600.26807316113263368607, 3855431.79204404726624488831, 2674983., 348185.55795170075725764036, 48299.17473393413092708215, 43728.66037244720064336434, 139035.4435704393545165658, 2405318.25, 4080932.19179815007373690605, 5769500.64553437661379575729, 5643462.40721906628459692001, 3972535.87749319616705179214, 2674983., 663883.38118681835476309061, 110525.88472735221148468554, 1947.76690334967861417681, 108048.6334447031986201182, 174753.703125, 3668911.9960518726147711277, 4542475.32429679948836565018, 4799133.6251094890758395195, 3952321.26940796338021755219, 2342597.25, 32915.07527455332456156611, 18925.80831510609641554765, 17922.90239991721318801865, 55159.42026987650024238974, 1329026.5, 5343177.05164030380547046661, 9053886.70167149603366851807, 9396498.13728738017380237579, 5961400.74482874292880296707, 1183742.375]
