last-generated=2018-11-01
statistics-simulation=
{
  "numerical Jacobians": "0", 
  "nonlinear": "1, 1, 1", 
  "number of continuous time states": "180", 
  "linear": "0, 0, 0, 0, 0, 0, 0, 0, 0, 0, 0, 0, 0, 0, 0, 0, 0, 0, 0, 0, 0, 0, 0, 0, 0, 0, 0,   0, 0, 0, 0, 0, 0, 0, 0, 0, 0, 0, 0, 0, 0, 0, 0, 0, 0, 0, 0, 0, 0, 0, 0, 0, 0,   0, 0, 0, 0, 0, 0, 0, 0, 0, 0, 0, 0, 0, 0, 0, 0, 0, 0, 0, 0, 0, 0, 0, 0, 0, 0,   0, 0, 0, 0, 0, 0, 0, 0, 0, 0, 0, 0, 0, 0, 0, 0, 0, 0, 0, 0, 0"
}
unitTests.x[1]=[5894737., 5976296., 5948701., 5952681., 5950539.5, 5950541., 5950288., 5950218., 5950201., 5950188.5, 5950187., 5950186.5, 5950186.5, 5950187., 5950187., 5950187., 5950187., 5950187., 5950187., 5950187., 5950187., 5950187., 5950187., 5950187., 5950187., 5950187., 5950187., 5950187., 5950187., 5950187., 5950187., 5950187., 5950187., 5950187., 5950187., 5950187., 5950187., 5950187., 5950187., 5950187., 5950187., 5950187., 5950187., 5950187., 5950187., 5950187., 5950187., 5950187., 5950187., 5950187., 5950187., 5950187., 5950187., 5950187., 5950187., 5950187., 5950187., 5950187., 5950187., 5950187., 5950187., 5950187., 5950187., 5950187., 5950187., 5950187., 5950187., 5950187., 5950187., 5950187., 5950187., 5950187., 5950187., 5950187., 5950187., 5950187., 5950187., 5950187., 5950187., 5950187., 5950187., 5950187., 5950187., 5950187., 5950187., 5950187., 5950187., 5950187., 5950187., 5950187., 5950187., 5950187., 5950187., 5950187., 5950187., 5950187., 5950187., 5950187., 5950187., 5950187., 5950187.]
time=[0., 1000.]
unitTests.x[2]=[15713185., 15765046., 15765028., 15764974., 15764956., 15764947., 15764944., 15764942., 15764941., 15764941., 15764941., 15764941., 15764941., 15764941., 15764941., 15764941., 15764941., 15764941., 15764941., 15764941., 15764941., 15764941., 15764941., 15764941., 15764941., 15764941., 15764941., 15764941., 15764941., 15764941., 15764941., 15764941., 15764941., 15764941., 15764941., 15764941., 15764941., 15764941., 15764941., 15764941., 15764941., 15764941., 15764941., 15764941., 15764941., 15764941., 15764941., 15764941., 15764941., 15764941., 15764941., 15764941., 15764941., 15764941., 15764941., 15764941., 15764941., 15764941., 15764941., 15764941., 15764941., 15764941., 15764941., 15764941., 15764941., 15764941., 15764941., 15764941., 15764941., 15764941., 15764941., 15764941., 15764941., 15764941., 15764941., 15764941., 15764941., 15764941., 15764941., 15764941., 15764941., 15764941., 15764941., 15764941., 15764941., 15764941., 15764941., 15764941., 15764941., 15764941., 15764941., 15764941., 15764941., 15764941., 15764941., 15764941., 15764941., 15764941., 15764941., 15764941., 15764941.]
unitTests.x[3]=[1067261.25, 1152195.125, 1156185.875, 1159376.5, 1160531.5, 1161132.375, 1161350.75, 1161455.625, 1161506.875, 1161531.75, 1161532.25, 1161531., 1161530.25, 1161529.875, 1161529.625, 1161529.5, 1161529.375, 1161529.375, 1161529.25, 1161529.25, 1161529.25, 1161529.25, 1161529.125, 1161529.125, 1161529.125, 1161529.125, 1161529.125, 1161529.125, 1161529.125, 1161529.125, 1161529.125, 1161529.125, 1161529.125, 1161529.125, 1161529.125, 1161529.125, 1161529.125, 1161529.125, 1161529.125, 1161529.125, 1161529.125, 1161529.125, 1161529.125, 1161529.125, 1161529.125, 1161529.125, 1161529.125, 1161529.125, 1161529.125, 1161529.125, 1161529.125, 1161529.125, 1161529.125, 1161529.125, 1161529.125, 1161529.125, 1161529.125, 1161529.125, 1161529.125, 1161529.125, 1161529.125, 1161529.125, 1161529.125, 1161529.125, 1161529.125, 1161529.125, 1161529.125, 1161529.125, 1161529.125, 1161529.125, 1161529.125, 1161529.125, 1161529.125, 1161529.125, 1161529.125, 1161529.125, 1161529.125, 1161529.125, 1161529.125, 1161529.125, 1161529.125, 1161529.125, 1161529.125, 1161529.125, 1161529.125, 1161529.125, 1161529.125, 1161529.125, 1161529.125, 1161529.125, 1161529.125, 1161529.125, 1161529.125, 1161529.125, 1161529.125, 1161529.125, 1161529.125, 1161529.125, 1161529.125, 1161529.125, 1161529.125]
unitTests.x[4]=[1446371.125, 1436513.25, 1438225.375, 1438254.75, 1438470.75, 1438514.125, 1438543.75, 1438558.125, 1438563.625, 1438566.25, 1438566.125, 1438566., 1438565.875, 1438565.875, 1438565.875, 1438565.875, 1438565.875, 1438565.875, 1438565.75, 1438565.75, 1438565.75, 1438565.75, 1438565.75, 1438565.75, 1438565.75, 1438565.75, 1438565.75, 1438565.75, 1438565.75, 1438565.75, 1438565.75, 1438565.75, 1438565.75, 1438565.75, 1438565.75, 1438565.75, 1438565.75, 1438565.75, 1438565.75, 1438565.75, 1438565.75, 1438565.75, 1438565.75, 1438565.75, 1438565.75, 1438565.75, 1438565.75, 1438565.75, 1438565.75, 1438565.75, 1438565.75, 1438565.75, 1438565.75, 1438565.75, 1438565.75, 1438565.75, 1438565.75, 1438565.75, 1438565.75, 1438565.75, 1438565.75, 1438565.75, 1438565.75, 1438565.75, 1438565.75, 1438565.75, 1438565.75, 1438565.75, 1438565.75, 1438565.75, 1438565.75, 1438565.75, 1438565.75, 1438565.75, 1438565.75, 1438565.75, 1438565.75, 1438565.75, 1438565.75, 1438565.75, 1438565.75, 1438565.75, 1438565.75, 1438565.75, 1438565.75, 1438565.75, 1438565.75, 1438565.75, 1438565.75, 1438565.75, 1438565.75, 1438565.75, 1438565.75, 1438565.75, 1438565.75, 1438565.75, 1438565.75, 1438565.75, 1438565.75, 1438565.75, 1438565.75]
