last-generated=2017-12-19
statistics-initialization=
{
  "numerical Jacobians": "2", 
  "nonlinear": "7, 1, 1, 1, 1, 1, 1, 2, 0, 1, 1, 2, 2, 6, 1, 1, 7, 1, 7, 1, 1, 1, 1"
}
statistics-simulation=
{
  "numerical Jacobians": "9", 
  "nonlinear": "1, 2, 0, 1, 2, 0, 1, 1, 2, 0, 1, 1, 2, 0, 1, 1, 2, 1, 1, 0, 1, 1, 1, 1, 1, 1, 1", 
  "number of continuous time states": "146", 
  "linear": "0, 4, 0, 0, 0, 0, 0, 0, 0, 0, 0, 0, 0, 0, 0, 0, 0, 0, 0, 0, 0, 0, 4, 0, 0, 0, 0,   0, 0, 4, 0, 0, 0, 0, 0, 0, 0, 0, 0, 0, 0, 0, 0, 0"
}
unitTests.x[1]=[1258.0439453125, 1257.07861328125, 1258.7725830078125, 1258.1915283203125, 1258.032470703125, 1258.035888671875, 1258.0396728515625, 1258.0389404296875, 1258.0400390625, 1258.042236328125, 1258.043701171875, 1258.0439453125, 1258.04345703125, 1258.04296875, 1258.0428466796875, 1258.04296875, 1258.043212890625, 1258.04345703125, 1258.04345703125, 1258.0435791015625, 1258.0435791015625, 1258.043701171875, 1258.0435791015625, 1258.043701171875, 1258.043701171875, 1258.0438232421875, 1258.0438232421875, 1258.0438232421875, 1258.0438232421875, 1258.0438232421875, 1258.0438232421875, 1258.0438232421875, 1258.0439453125, 1258.0439453125, 1258.0439453125, 1258.0439453125, 1258.0439453125, 1258.0439453125, 1258.0439453125, 1258.0439453125, 1258.0439453125, 1258.0439453125, 1258.0439453125, 1258.0439453125, 1258.0439453125, 1258.0439453125, 1258.0439453125, 1258.0439453125, 1258.0439453125, 1258.0439453125, 1258.0439453125, 1258.0439453125, 1258.0439453125, 1258.0439453125, 1258.0439453125, 1258.0439453125, 1258.0439453125, 1258.0439453125, 1258.0439453125, 1258.0439453125, 1258.0439453125, 1258.0439453125, 1258.0439453125, 1258.0439453125, 1258.0439453125, 1258.0439453125, 1258.0439453125, 1258.0439453125, 1258.0439453125, 1258.0439453125, 1258.0439453125, 1258.0439453125, 1258.0439453125, 1258.0439453125, 1258.0439453125, 1258.0439453125, 1258.0439453125, 1258.0439453125, 1258.0439453125, 1258.0439453125, 1258.0439453125, 1258.0439453125, 1258.0439453125, 1258.0439453125, 1258.0439453125, 1258.0439453125, 1258.0439453125, 1258.0439453125, 1258.0439453125, 1258.0439453125, 1258.0439453125, 1258.0439453125, 1258.0439453125, 1258.0439453125, 1258.0439453125, 1258.0439453125, 1258.0439453125, 1258.0439453125, 1258.0439453125, 1258.0439453125, 1258.0439453125]
time=[0., 25000.]
