last-generated=2017-10-26
statistics-initialization=
{
  "numerical Jacobians": "1", 
  "nonlinear": "100"
}
statistics-simulation=
{
  "numerical Jacobians": "0", 
  "nonlinear": " ", 
  "number of continuous time states": "101", 
  "linear": "0, 0, 0, 0, 0, 0, 0, 0, 0, 0, 0, 0, 0, 0, 0, 0, 0, 0, 0, 0, 0, 0, 0, 0, 0, 0, 0,   0, 0, 0, 0, 0, 0, 0, 0, 0, 0, 0, 0, 0, 0, 0, 0, 0, 0, 0, 0, 0, 0, 0, 0, 0, 0,   0, 0, 0, 0, 0, 0, 0, 0, 0, 0, 0, 0, 0, 0, 0, 0, 0, 0, 0, 0, 0, 0, 0, 0, 0, 0,   0, 0, 0, 0, 0, 0, 0, 0, 0, 0, 0, 0, 0, 0, 0, 0, 0, 0, 0, 0, 0"
}
unitTests.x[1]=[6.43937969207763671875, 6.43937969207763671875, 6.43937969207763671875, 6.43937969207763671875, 6.43937969207763671875, 6.43937969207763671875, 6.43937969207763671875, 6.43937969207763671875, 6.43937969207763671875, 6.43937969207763671875, 6.43937969207763671875, 6.43937969207763671875, 6.43937969207763671875, 6.43937969207763671875, 6.43937969207763671875, 6.43937969207763671875, 6.43937969207763671875, 6.43937969207763671875, 6.43937969207763671875, 6.43937969207763671875, 6.43937969207763671875, 6.43937969207763671875, 6.43937969207763671875, 6.43937969207763671875, 6.43937969207763671875, 6.43937969207763671875, 6.43937969207763671875, 6.43937969207763671875, 6.43937969207763671875, 6.43937969207763671875, 6.43937969207763671875, 6.43937969207763671875, 6.43937969207763671875, 6.43937969207763671875, 6.43937969207763671875, 6.43937969207763671875, 6.43937969207763671875, 6.43937969207763671875, 6.43937969207763671875, 6.43937969207763671875, 6.43937969207763671875, 6.43937969207763671875, 6.43937969207763671875, 6.43937969207763671875, 6.43937969207763671875, 6.43937969207763671875, 6.43937969207763671875, 6.43937969207763671875, 6.43937969207763671875, 6.43937969207763671875, 6.43937969207763671875, 6.43937969207763671875, 6.43937969207763671875, 6.43937969207763671875, 6.43937969207763671875, 6.43937969207763671875, 6.43937969207763671875, 6.43937969207763671875, 6.43937969207763671875, 6.43937969207763671875, 6.43937969207763671875, 6.43937969207763671875, 6.43937969207763671875, 6.43937969207763671875, 6.43937969207763671875, 6.43937969207763671875, 6.43937969207763671875, 6.43937969207763671875, 6.43937969207763671875, 6.43937969207763671875, 6.43937969207763671875, 6.43937969207763671875, 6.43937969207763671875, 6.43937969207763671875, 6.43937969207763671875, 6.43937969207763671875, 6.43937969207763671875, 6.43937969207763671875, 6.43937969207763671875, 6.43937969207763671875, 6.43937969207763671875, 6.43937969207763671875, 6.43937969207763671875, 6.43937969207763671875, 6.43937969207763671875, 6.43937969207763671875, 6.43937969207763671875, 6.43937969207763671875, 6.43937969207763671875, 6.43937969207763671875, 6.43937969207763671875, 6.43937969207763671875, 6.43937969207763671875, 6.43937969207763671875, 6.43937969207763671875, 6.43937969207763671875, 6.43937969207763671875, 6.43937969207763671875, 6.43937969207763671875, 6.43937969207763671875, 6.43937969207763671875]
time=[0., 10.]
