last-generated=2018-12-20
statistics-simulation=
{
  "numerical Jacobians": "0", 
  "nonlinear": " ", 
  "linear": " "
}
unitTests.x[1]=[4947.1806640625, 5316.10401199123862170381, 5673.01124610077840770828, 6017.8559796667841510498, 6350.52834939638978539733, 6670.85544525539080495946, 6978.61820431167234346503, 7273.57421011407859623432, 7555.47856461450555798365, 7824.10439803621738974471, 8079.26168153719027031912, 15976.17048618912303936668, 1725.96971316870872215077, 650.56693400236679281079, 355.06821830266204642612, 231.70151586102434748682, 167.88459684421655992992, 130.20287114714628273759, 105.84640457217668085832, 89.02932411971350745716, 76.81937730818144416389, 67.59710176158299077542, 60.40640947158059503863, 54.65167838279155887449, 49.94517673208385843964, 46.024997711181640625, 42.70856951220631003707, 39.86515332616008322475, 37.39885739494263816596, 35.23791718232789804688, 33.327627445390284322, 31.62556114848088029134, 30.09838383119475579974, 28.71952993569755108183, 27.46756596767025726535, 26.32503635679512754564, 25.27757026546967011882, 24.31322333031494764555, 23.42200047913493321516, 22.59546166757219864962, 21.82644125673482804473, 21.10879873423577990366, 20.43725882704792340405, 19.80725332335306987375, 19.21480546677621958906, 18.65644199933688796023, 18.129114581237708137, 17.63012498819069051592, 17.15709255627379903331, 16.70790142070751826964, 16.2806549072265625, 15.87366733979162702894, 15.48541569210956758695, 15.11453334518794022756, 14.75978449275528703311, 14.42004625079706592317, 14.0943041611615900166, 13.78163220510538344854, 13.48118733068678665177, 13.19219515163016431814, 12.91395157361133705365, 12.64580192220770626932, 12.38715088605134617694, 12.13744724056429724612, 11.89618267573295717909, 11.66288512061523618968, 11.43712102205915570607, 11.21848142412276772006, 11.00659194655710315658, 10.80110354380605741653, 10.60168815147253340569, 10.40804154567522488151, 10.21987968262700974265, 10.03693424399132538838, 9.85895555119066102634, 9.68570995330810546875, 9.51697715176301173301, 9.35254924406740251186, 9.19223263378936294998, 9.03584322780085535953, 8.88320464035736634401, 8.73415664378398837187, 8.58854188183582856198, 8.44621444155778888785, 8.30703508596316630985, 8.17087301012407785095, 8.00820772043295470155, 7.75425397276533789892, 7.55240527098758995805, 7.38208653118762736511, 7.23452154056945229144, 7.10438999301249296536, 6.98807639603891139757, 6.88301427439423996191, 6.78732393009142409568, 6.69959010665204690582, 6.61871941224645166102, 6.54384681506747423185, 6.47427285690319020972, 6.40942150410126476601, 6.34881067276000976562]
time=[0., 1.]
unitTests.x[2]=[6130.1064453125, 6458.68555405358620191691, 6774.8505997338052111445, 7078.37209014926702366211, 7369.0044198146888447809, 7646.5058390949088789057, 7910.66165543499118939508, 8161.2944262865667042206, 5623.52116690385628317017, 1168.420079184450514731, 517.2681825112896376595, 303.38799298786642566483, 206.17048424022092945052, 153.27715758631600806439, 120.97553413524464360762, 99.58588739055873872985, 84.54600081721025617298, 73.47036919528142107083, 65.00943539383645486396, 58.35104231332670110532, 52.98134378936489241596, 48.56140640094739779897, 44.85976751483975988322, 41.71354035639819812786, 39.00510654600609683484, 36.647613525390625, 34.57561690915834873294, 32.73894307294431627042, 31.09850329993362549885, 29.62343481658907151655, 28.28904304887518605938, 27.07532910575708129386, 25.96595307378963823908, 24.9474156898767169821, 24.00846895318820628518, 23.13967846016621976446, 22.33305470963069083723, 21.58179508713257988006, 20.88006941114209880084, 20.22284989478340833102, 19.60578000662207998062, 19.02505663857227702351, 18.477357170435695366, 17.95975912060720958152, 17.46967304358372885531, 17.00480979604862596943, 16.56313360094663522659, 16.14282030961167890837, 15.742238580633562961, 15.35992372068103861693, 14.994548797607421875, 14.64492193159007626946, 14.30995688133370435935, 13.98867040593058064246, 13.68016594227094628877, 13.3836206101696202353, 13.09828669572420700717, 12.82347564546519613771, 12.55855707771848273069, 12.30294734171658710409, 12.05611286984703589553, 11.81755481055255074807, 11.58681403527951125909, 11.36346711202435777466, 11.14711826471116395965, 10.93740032700237385654, 10.73397307655108257052, 10.53651270055678423887, 10.34472479075473039245, 10.15832991998684775581, 9.97706678117943468465, 9.80069218590795721013, 9.62897540064928136871, 9.46169980153183409755, 9.2986632932544441843, 9.139675140380859375, 8.98455414498195104045, 8.83313055177431927234, 8.68524318934829864247, 8.5407412740326265066, 8.39947812557433515224, 8.26131919311270479511, 8.1261338233078070914, 7.91517834811551068697, 7.68264717082497039513, 7.49267000497924051672, 7.33067915837744532581, 7.18941265784047445209, 7.06422704837795123467, 6.95190939092486903661, 6.8501536936583020676, 6.75725531258126199674, 6.67191757631081561186, 6.59313302733890704843, 6.5200972390446301219, 6.45215646609057813521, 6.38876854234643420938, 6.32947699856406398311, 6.27389202916499577611, 6.22167782872893049273, 6.17253971099853515625]
unitTests.x[3]=[-298.781402587890625, -920.05049104646593605139, -1621.17398359776416327804, -2397.96343391259279087535, -3246.13923964636524033267, -4161.29778146220724011073, -5138.89027257202451437479, -6174.21334739729900320526, -7262.42451627843820460839, -8398.55915757620095973834, -9577.57111100271686154883, -19977.74508904327740310691, -2158.27647227889156056335, -813.51579631262029579375, -444.00300512253812712515, -289.73642625436826847363, -209.93516041531356108862, -162.815238259048328473, -132.35814228842244233419, -111.32886858802804397328, -96.06066534707451864961, -84.5284740623268788795, -75.53671171399953720993, -68.34057892892982977173, -62.45523170962886183588, -57.55316162109375, -53.40605948409939429666, -49.85044838819202084323, -46.76641117557230131752, -44.06422215307444645305, -41.67545208581027793571, -39.54707003472042003978, -37.63737740966904254947, -35.91316058938323863003, -34.34761482749790673097, -32.91891398740590801708, -31.60908880146595478777, -30.40320070622761861046, -29.28875109463945491939, -28.25519038805773774925, -27.29355104851675406508, -26.39615981752007201067, -25.55641831337799274593, -24.76861627216501560156, -24.02777654776207683085, -23.3295604296083993745, -22.67014938749212049629, -22.04617683839243369448, -21.45466552268259974312, -20.89296393429215825677, -20.3587055206298828125, -19.84977865736325597368, -19.36428170737486809116, -18.90050186700867840273, -18.45689867089057756289, -18.03206684306381291094, -17.62473497405640188163, -17.23374911666822484335, -16.85804878028866227169, -16.49667265776382762965, -16.14873777092524775867, -15.81342362944015178527, -15.48998847906402254182, -15.17774090489657723424, -14.87604575783768368069, -14.58431366445410226618, -14.30200173027528443015, -14.0285992359234690241, -13.76363772989544997927, -13.5066794747482621375, -13.25731534365303154743, -13.01516577201301139155, -12.77987451350928793659, -12.55110593077003500184, -12.32854864133613936872, -12.1119098663330078125, -11.90091304042715592004, -11.69530162336303646953, -11.49482861283787826778, -11.29926723071299932144, -11.10839770917760205293, -10.92201618781893657228, -10.7399281170929885576, -10.56195134423269799129, -10.38791134613996725022, -10.21764414023756195604, -10.3206865550669153464, -11.78132177979479600083, -13.24368641555847503355, -14.6898747931366600028, -16.11527779598631582303, -17.51829926186932695487, -18.89845810011556181962, -20.25584887383589105525, -21.59096177150645701204, -22.90455019597732189141, -24.19751823642203447662, -25.4708539990018785204, -26.72559881681835136646, -27.96276547398323231164, -29.1833477020263671875]
unitTests.x[4]=[-2672.971435546875, -3543.97121176900554928579, -4480.45414509305555839092, -5477.81989340735617588507, -6531.31699154106809146469, -7636.05899828317251376575, -8787.05093903275337652303, -9979.22164370360951579642, -7032.05294704731568344869, -1461.07633824110780551564, -646.8295366367349288339, -379.37834755453957313875, -257.81058606597042626163, -191.66896818398072355194, -151.27670488600003295687, -124.52954704856399814616, -105.72259730237087183014, -91.8728201985523469375, -81.29266277513377758623, -72.96653574011894249907, -66.25187867385774609374, -60.72486552864209841118, -56.09606883702836910288, -52.16180192618122646309, -48.77498459940963471126, -45.827007293701171875, -43.23602828434478340114, -40.9393219618825767725, -38.88800072229376070254, -37.04347084256298927585, -35.37484932497749667846, -33.85713612140009587392, -32.46988965274803717875, -31.19623917931325962627, -30.02211611412152691969, -28.93571601015822380987, -27.92705676036974082876, -26.9876274650432890212, -26.11013944475134351819, -25.28830605855047863884, -24.51667830510382373177, -23.79050039025156237926, -23.10561856278348713545, -22.45837638353622622844, -21.84553704417232111723, -21.26423959312978340108, -20.71193740235138847083, -20.18634599322411915523, -19.68543000431842671105, -19.20735594687448966056, -18.75046539306640625, -18.31326634790417529075, -17.89440267867257361445, -17.4926441421474656579, -17.10686765115027441198, -16.73604627258819022018, -16.37924393448946247531, -16.03560042183901401813, -15.70432704229217080183, -15.38469423237509303704, -15.07603431802271387596, -14.77772373338272160481, -14.48918928372765790868, -14.20990072538273274461, -13.9393621461550250018, -13.67711578021264706706, -13.42273396602875479289, -13.17581598952317101237, -12.93599050312272247254, -12.70290846128816930616, -12.47624370700573059878, -12.25569106266804553229, -12.04096473444195680713, -11.83179131890451785125, -11.62791843586311912873, -11.429107666015625, -11.23513298877186805669, -11.04578077952521830696, -10.8608517197842147084, -10.68015518461320212396, -10.50350973017576983182, -10.33074478417718289336, -10.1616982220072920029, -10.80476241884329091647, -12.2699966669834346078, -13.72787701757524736479, -15.16742406194189562996, -16.58547524973028330919, -17.98090237696645843357, -19.35343746020573618694, -20.70333227282362287269, -22.03117024635221099516, -23.33777783199032995753, -24.62409309500437970541, -25.89112311742767857936, -27.13989405423264500428, -28.3714244352297164653, -29.58668362914465888025, -30.78662072372606672843, -31.97210199367959049255, -33.14394378662109375]
