last-generated=2017-10-26
statistics-initialization=
{
  "linear": "9"
}
statistics-simulation=
{
  "numerical Jacobians": "0", 
  "nonlinear": " ", 
  "number of continuous time states": "10", 
  "linear": " "
}
unitTests.x[1]=[450., 449.533447265625, 448.95367431640625, 448.37640380859375, 447.801422119140625, 447.228668212890625, 446.65814208984375, 446.08984375, 445.52374267578125, 444.959808349609375, 444.398101806640625, 443.838531494140625, 443.281158447265625, 442.725921630859375, 442.1728515625, 441.62188720703125, 441.07373046875, 440.53082275390625, 439.9879150390625, 439.447723388671875, 438.91046142578125, 438.37322998046875, 437.84521484375, 437.319183349609375, 436.79315185546875, 436.267120361328125, 435.7410888671875, 435.219940185546875, 434.703460693359375, 434.186981201171875, 433.670501708984375, 433.154022216796875, 432.64447021484375, 432.137420654296875, 431.630340576171875, 431.123260498046875, 430.616180419921875, 430.11798095703125, 429.6201171875, 429.122283935546875, 428.62445068359375, 428.127288818359375, 427.63397216796875, 427.142120361328125, 426.6517333984375, 426.162841796875, 425.6754150390625, 425.189453125, 424.704986572265625, 424.22198486328125, 423.740447998046875, 423.26123046875, 422.78424072265625, 422.308990478515625, 421.835479736328125, 421.36370849609375, 420.8936767578125, 420.4254150390625, 419.9588623046875, 419.49407958984375, 419.031005859375, 418.569793701171875, 418.110321044921875, 417.652587890625, 417.196624755859375, 416.742431640625, 416.28997802734375, 415.83929443359375, 415.390380859375, 414.943206787109375, 414.497589111328125, 414.053466796875, 413.61102294921875, 413.1702880859375, 412.731201171875, 412.293792724609375, 411.858062744140625, 411.424041748046875, 410.991668701171875, 410.56097412109375, 410.131988525390625, 409.70465087890625, 409.27899169921875, 408.85504150390625, 408.4327392578125, 408.012115478515625, 407.59320068359375, 407.175933837890625, 406.760345458984375, 406.346282958984375, 405.93359375, 405.52252197265625, 405.11309814453125, 404.705322265625, 404.299163818359375, 403.8946533203125, 403.49176025390625, 403.09051513671875, 402.690887451171875, 402.29290771484375, 401.89654541015625]
time=[0., 50.]
