last-generated=2017-10-26
statistics-simulation=
{
  "numerical Jacobians": "0", 
  "nonlinear": " ", 
  "number of continuous time states": "1", 
  "linear": " "
}
unitTests.x[1]=[453.149993896484375, 450.30474853515625, 447.509857177734375, 444.76434326171875, 442.066650390625, 439.41607666015625, 436.813018798828125, 434.255950927734375, 431.743194580078125, 429.276123046875, 426.853973388671875, 424.472564697265625, 422.13433837890625, 419.839324951171875, 417.583038330078125, 415.36712646484375, 413.191986083984375, 411.05584716796875, 408.957305908203125, 406.896453857421875, 404.8726806640625, 402.885345458984375, 400.933837890625, 399.0174560546875, 397.135101318359375, 395.286407470703125, 393.470703125, 391.68731689453125, 389.935577392578125, 388.214813232421875, 386.524871826171875, 384.865447998046875, 383.235504150390625, 381.63446044921875, 380.061676025390625, 378.51654052734375, 376.998504638671875, 375.508270263671875, 374.044586181640625, 372.6068115234375, 371.1944580078125, 369.8070068359375, 368.443939208984375, 367.105133056640625, 365.790618896484375, 364.49945068359375, 363.23114013671875, 361.985260009765625, 360.7613525390625, 359.5589599609375, 358.378143310546875, 357.218292236328125, 356.079010009765625, 354.95989990234375, 353.860595703125, 352.780853271484375, 351.720428466796875, 350.678802490234375, 349.65533447265625, 348.650115966796875, 347.662139892578125, 346.691009521484375, 345.737060546875, 344.80035400390625, 343.880828857421875, 342.976104736328125, 342.087432861328125, 341.215057373046875, 340.358917236328125, 339.518463134765625, 338.691070556640625, 337.878692626953125, 337.08135986328125, 336.29901123046875, 335.53021240234375, 334.77392578125, 334.031463623046875, 333.302825927734375, 332.588043212890625, 331.88555908203125, 331.1954345703125, 330.517791748046875, 329.852386474609375, 329.19903564453125, 328.55755615234375, 327.92767333984375, 327.309234619140625, 326.7020263671875, 326.105743408203125, 325.52008056640625, 324.944976806640625, 324.380126953125, 323.82537841796875, 323.280517578125, 322.745269775390625, 322.219482421875, 321.702880859375, 321.1953125, 320.69683837890625, 320.207122802734375, 319.725860595703125]
time=[0., 500.]
