last-generated=2019-01-08
statistics-simulation=
{
  "numerical Jacobians": "0", 
  "nonlinear": " ", 
  "linear": " "
}
unitTests.x[1]=[0., 0.09987200274022098312, 0.198975999577578333, 0.29654399206322690219, 0.39180801155063477159, 0.48399999061384035848, 0.57235200362488292125, 0.6560959791625554649, 0.73446400311069615086, 0.80668798580812572929, 0.87199996972639515214, 0.92963201121604022159, 0.97881598454704665802, 1.01980390027701650624, 1.05830049288676275587, 1.0954451342596358554, 1.1313709146661807825, 1.16619037966704119924, 1.20000002377499592754, 1.23288286503775035285, 1.26491104611699034521, 1.29614820114748319213, 1.326649907837271547, 1.35646604258586145342, 1.385640636638829859, 1.41421353816986083984, 1.3856405935975422139, 1.35646608648530531127, 1.326649907837271547, 1.29614815514764369908, 1.26491109316814687169, 1.23288286503775035285, 1.20000002377499592754, 1.1661904306640820117, 1.1313709146661807825, 1.09544513425963607745, 1.05830054902407266759, 1.01980390027701650624, 0.97881595105165930537, 0.92963193029062674011, 0.87200001527471215912, 0.80668798580812595134, 0.73446389003238332638, 0.65609603927708493032, 0.57235197147569671916, 0.48399988916071273737, 0.39180808124594940223, 0.29654397406947785587, 0.19897588938351659649, 0.09987209543837806403, 0., 0.09987209543696362601, 0.19897618268223973836, 0.29654426114165921557, 0.39180780114933622116, 0.4839998891623257804, 0.57235197147538940943, 0.65609603927622495156, 0.73446411457588955951, 0.80668818955022814077, 0.87199983033706163216, 0.92963193029178581295, 0.97881595105198349049, 1.01980390027673895048, 1.0583005490232697543, 1.09544524286600131191, 1.13137080904830322758, 1.16619032840589520461, 1.20000002377535230913, 1.23288286503786514992, 1.26491109316758643111, 1.29614824702348552243, 1.32664981779201673895, 1.35646599854912808247, 1.38564059359795321846, 1.41421353816986083984, 1.38564059359795321846, 1.35646599854912808247, 1.32664981779201673895, 1.29614824702348552243, 1.26491109316758643111, 1.23288286503786514992, 1.20000002377535230913, 1.16619032840589520461, 1.13137080904830322758, 1.09544524286600131191, 1.0583005490232697543, 1.01980390027673895048, 0.97881595105198349049, 0.92963193029178581295, 0.87199983033706163216, 0.80668818955022814077, 0.73446411457588955951, 0.65609603927622495156, 0.57235197147538940943, 0.4839998891623257804, 0.39180780114933622116, 0.29654426114165921557, 0.19897618268223973836, 0.09987209543696362601, 0.]
time=[0., 2.]
unitTests.x[2]=[0., 4.98080015088079974817, 4.92320012685774432981, 4.82719992793083996219, 4.69280003093722353213, 4.51999999494551918389, 4.30880018907527606586, 4.05919981792456407987, 3.77119988601701461306, 3.44480002227755566224, 3.07999998035431454824, 2.67679998718267064817, 2.23519980365787462873, 1.96116133948801607545, 1.88982236791998881031, 1.82574192373342869544, 1.7677669329416516586, 1.71498585657304691843, 1.66666666032255128549, 1.6222141880141327519, 1.58113886112783741389, 1.54303345672701519575, 1.50755667280785954354, 1.47441960727209786519, 1.44337569064168436128, 1.41421353816986083984, -1.44337573553030851237, -1.47441955964515436506, -1.50755667280785954354, -1.54303351152250334266, -1.5811388024870420832, -1.6222141880141327519, -1.66666666032255128549, -1.7149857819082308108, -1.7677669329416516586, -1.8257419237334284734, -1.88982226832515620707, -1.96116133948801607545, -2.23520014617885376396, -2.67680061134289326574, -3.0799996925364188094, -3.44480002227755477406, -3.77120033943124965958, -4.05919961502200710157, -4.30880027450541991385, -4.52000020523018974927, -4.69279991363576343133, -4.82719994918827044472, -4.92320020873843322562, -4.98080011154123880601, 0., 4.98080011154183921462, 4.92319997665605324499, 4.82719959534264386747, 4.69280036635861375061, 4.5200002052268466457, 4.30880027450622371532, 4.05919961502491410954, 3.77119942254044016039, 3.44479898362919412236, 3.08000083006471081504, 2.67680061133397106943, 2.23520014617560702774, 1.96116133948854609592, 1.88982226832657973503, 1.82574174343322837011, 1.76776709876460502713, 1.71498593240430086126, 1.66666666032205346148, 1.62221418801398242771, 1.58113880248773908122, 1.54303340237088448816, 1.50755677556416056717, 1.47441965534640506696, 1.44337573552987841197, 1.41421353816986083984, -1.44337573552987841197, -1.47441965534640506696, -1.50755677556416056717, -1.54303340237088448816, -1.58113880248773908122, -1.62221418801398242771, -1.66666666032205346148, -1.71498593240430086126, -1.76776709876460502713, -1.82574174343322837011, -1.88982226832657973503, -1.96116133948854609592, -2.23520014617560702774, -2.67680061133397106943, -3.08000083006471081504, -3.44479898362919412236, -3.77119942254044016039, -4.05919961502491410954, -4.30880027450622371532, -4.5200002052268466457, -4.69280036635861375061, -4.82719959534264386747, -4.92319997665605324499, -4.98080011154183921462, 0.]
