last-generated=2017-10-26
statistics-simulation=
{
  "numerical Jacobians": "0", 
  "nonlinear": " ", 
  "number of continuous time states": "60", 
  "linear": "0"
}
unitTests.x[1]=[923.47381591796875, 923.47381591796875, 923.47381591796875, 923.47381591796875, 923.47381591796875, 923.47381591796875, 923.47381591796875, 923.47381591796875, 923.47381591796875, 923.47381591796875, 923.47381591796875, 923.47381591796875, 923.47381591796875, 923.47381591796875, 923.47381591796875, 923.47381591796875, 923.47381591796875, 923.47381591796875, 923.47381591796875, 923.47381591796875, 923.47381591796875, 923.47381591796875, 923.47381591796875, 923.47381591796875, 923.47381591796875, 923.47381591796875, 923.47381591796875, 923.47381591796875, 923.47381591796875, 923.47381591796875, 923.47381591796875, 923.47381591796875, 923.47381591796875, 923.47381591796875, 923.47381591796875, 923.47381591796875, 923.47381591796875, 923.47381591796875, 923.47381591796875, 923.47381591796875, 923.47381591796875, 923.47381591796875, 923.47381591796875, 923.47381591796875, 923.47381591796875, 923.47381591796875, 923.47381591796875, 923.47381591796875, 923.47381591796875, 923.47381591796875, 923.47381591796875, 923.47381591796875, 923.47381591796875, 923.47381591796875, 923.47381591796875, 923.47381591796875, 923.47381591796875, 923.47381591796875, 923.47381591796875, 923.47381591796875, 923.47381591796875, 923.47381591796875, 923.47381591796875, 923.47381591796875, 923.47381591796875, 923.47381591796875, 923.47381591796875, 923.47381591796875, 923.47381591796875, 923.47381591796875, 923.47381591796875, 923.47381591796875, 923.47381591796875, 923.47381591796875, 923.47381591796875, 923.47381591796875, 923.47381591796875, 923.47381591796875, 923.47381591796875, 923.47381591796875, 923.47381591796875, 923.47381591796875, 923.47381591796875, 923.47381591796875, 923.47381591796875, 923.47381591796875, 923.47381591796875, 923.47381591796875, 923.47381591796875, 923.47381591796875, 923.47381591796875, 923.47381591796875, 923.47381591796875, 923.47381591796875, 923.47381591796875, 923.47381591796875, 923.47381591796875, 923.47381591796875, 923.47381591796875, 923.47381591796875, 923.47381591796875]
time=[0., 1.]
unitTests.x[2]=[884.0048828125, 884.0048828125, 884.0048828125, 884.0048828125, 884.0048828125, 884.0048828125, 884.0048828125, 884.0048828125, 884.0048828125, 884.0048828125, 884.0048828125, 884.0048828125, 884.0048828125, 884.0048828125, 884.0048828125, 884.0048828125, 884.0048828125, 884.0048828125, 884.0048828125, 884.0048828125, 884.0048828125, 884.0048828125, 884.0048828125, 884.0048828125, 884.0048828125, 884.0048828125, 884.0048828125, 884.0048828125, 884.0048828125, 884.0048828125, 884.0048828125, 884.0048828125, 884.0048828125, 884.0048828125, 884.0048828125, 884.0048828125, 884.0048828125, 884.0048828125, 884.0048828125, 884.0048828125, 884.0048828125, 884.0048828125, 884.0048828125, 884.0048828125, 884.0048828125, 884.0048828125, 884.0048828125, 884.0048828125, 884.0048828125, 884.0048828125, 884.0048828125, 884.0048828125, 884.0048828125, 884.0048828125, 884.0048828125, 884.0048828125, 884.0048828125, 884.0048828125, 884.0048828125, 884.0048828125, 884.0048828125, 884.0048828125, 884.0048828125, 884.0048828125, 884.0048828125, 884.0048828125, 884.0048828125, 884.0048828125, 884.0048828125, 884.0048828125, 884.0048828125, 884.0048828125, 884.0048828125, 884.0048828125, 884.0048828125, 884.0048828125, 884.0048828125, 884.0048828125, 884.0048828125, 884.0048828125, 884.0048828125, 884.0048828125, 884.0048828125, 884.0048828125, 884.0048828125, 884.0048828125, 884.0048828125, 884.0048828125, 884.0048828125, 884.0048828125, 884.0048828125, 884.0048828125, 884.0048828125, 884.0048828125, 884.0048828125, 884.0048828125, 884.0048828125, 884.0048828125, 884.0048828125, 884.0048828125, 884.0048828125]
unitTests.x[3]=[793.7259521484375, 793.7259521484375, 793.7259521484375, 793.7259521484375, 793.7259521484375, 793.7259521484375, 793.7259521484375, 793.7259521484375, 793.7259521484375, 793.7259521484375, 793.7259521484375, 793.7259521484375, 793.7259521484375, 793.7259521484375, 793.7259521484375, 793.7259521484375, 793.7259521484375, 793.7259521484375, 793.7259521484375, 793.7259521484375, 793.7259521484375, 793.7259521484375, 793.7259521484375, 793.7259521484375, 793.7259521484375, 793.7259521484375, 793.7259521484375, 793.7259521484375, 793.7259521484375, 793.7259521484375, 793.7259521484375, 793.7259521484375, 793.7259521484375, 793.7259521484375, 793.7259521484375, 793.7259521484375, 793.7259521484375, 793.7259521484375, 793.7259521484375, 793.7259521484375, 793.7259521484375, 793.7259521484375, 793.7259521484375, 793.7259521484375, 793.7259521484375, 793.7259521484375, 793.7259521484375, 793.7259521484375, 793.7259521484375, 793.7259521484375, 793.7259521484375, 793.7259521484375, 793.7259521484375, 793.7259521484375, 793.7259521484375, 793.7259521484375, 793.7259521484375, 793.7259521484375, 793.7259521484375, 793.7259521484375, 793.7259521484375, 793.7259521484375, 793.7259521484375, 793.7259521484375, 793.7259521484375, 793.7259521484375, 793.7259521484375, 793.7259521484375, 793.7259521484375, 793.7259521484375, 793.7259521484375, 793.7259521484375, 793.7259521484375, 793.7259521484375, 793.7259521484375, 793.7259521484375, 793.7259521484375, 793.7259521484375, 793.7259521484375, 793.7259521484375, 793.7259521484375, 793.7259521484375, 793.7259521484375, 793.7259521484375, 793.7259521484375, 793.7259521484375, 793.7259521484375, 793.7259521484375, 793.7259521484375, 793.7259521484375, 793.7259521484375, 793.7259521484375, 793.7259521484375, 793.7259521484375, 793.7259521484375, 793.7259521484375, 793.7259521484375, 793.7259521484375, 793.7259521484375, 793.7259521484375, 793.7259521484375]
