last-generated=2018-10-25
statistics-simulation=
{
  "numerical Jacobians": "0", 
  "nonlinear": " ", 
  "linear": " "
}
unitTests.x[1]=[24514.908203125, 24514.908203125, 24514.908203125, 24514.908203125, 24514.908203125, 24514.908203125, 24514.908203125, 24514.908203125, 24514.908203125, 24514.908203125, 24514.908203125, 24514.908203125, 24514.908203125, 24514.908203125, 24514.908203125, 24514.908203125, 24514.908203125, 24514.908203125, 24514.908203125, 24514.908203125, 24514.908203125, 24514.908203125, 24514.908203125, 24514.908203125, 24514.908203125, 24514.908203125, 24514.908203125, 24514.908203125, 24514.908203125, 24514.908203125, 24514.908203125, 24514.908203125, 24514.908203125, 24514.908203125, 24514.908203125, 24514.908203125, 24514.908203125, 24514.908203125, 24514.908203125, 24514.908203125, 24514.908203125, 24514.908203125, 24514.908203125, 24514.908203125, 24514.908203125, 24514.908203125, 24514.908203125, 24514.908203125, 24514.908203125, 24514.908203125, 24514.908203125, 24514.908203125, 24514.908203125, 24514.908203125, 24514.908203125, 24514.908203125, 24514.908203125, 24514.908203125, 24514.908203125, 24514.908203125, 24514.908203125, 24514.908203125, 24514.908203125, 24514.908203125, 24514.908203125, 24514.908203125, 24514.908203125, 24514.908203125, 24514.908203125, 24514.908203125, 24514.908203125, 24514.908203125, 24514.908203125, 24514.908203125, 24514.908203125, 24514.908203125, 24514.908203125, 24514.908203125, 24514.908203125, 24514.908203125, 24514.908203125, 24514.908203125, 24514.908203125, 24514.908203125, 24514.908203125, 24514.908203125, 24514.908203125, 24514.908203125, 24514.908203125, 24514.908203125, 24514.908203125, 24514.908203125, 24514.908203125, 24514.908203125, 24514.908203125, 24514.908203125, 24514.908203125, 24514.908203125, 24514.908203125, 24514.908203125, 24514.908203125]
time=[0., 1.]
unitTests.x[2]=[3.45545721054077148438, 3.46829843550081662329, 3.48134946881974371991, 3.49460864156733919117, 3.50807333113949670889, 3.52174186604029637593, 3.53561163136074041446, 3.54967951732405229137, 3.56394243497302376511, 3.5783975072356035696, 3.59304070253266605306, 3.60786771863265975924, 3.62287474083703964212, 3.63805652393123990507, 3.65340804961752674274, 3.6689233686996844952, 3.68459630576028285276, 3.70042037679721724786, 3.71638797567211476292, 3.73249149708134719816, 3.74872183314443940816, 3.76507021072587333421, 3.78152632910137809219, 3.79807900690094868423, 3.81471682489619068335, 3.83142685890197753906, 3.84819509200697362772, 3.86500690562180437837, 3.8818459490720185201, 3.89869500612313757415, 3.91553471466340718976, 3.93234514789783107247, 3.94910384420395743632, 3.96578715049568586437, 3.98236941700126623189, 3.99882246039624611456, 4.01511619156047494528, 4.03121852111475309499, 4.04709339892166131136, 4.06270315472974186122, 4.07800673535249913471, 4.09295893242554154057, 4.10751201598716342289, 4.12161301573717953062, 4.13520574886542036097, 4.14822913728195885597, 4.16061591094177174455, 4.17229509487903538201, 4.18318844960382829612, 4.19321106948079513899, 4.20227146148681640625, 4.21027088868331667015, 4.21710110882067823468, 4.22264577329251178384, 4.22677897664187351978, 4.22936248559310001838, 4.23024845121358339384, 4.22927522511961750951, 4.22626923814450616845, 4.22104070858870716876, 4.21338560296719233378, 4.20308257803456797319, 4.18989277580394503531, 4.17355870334029255275, 4.15380188691784457689, 4.13032430257057203704, 4.1028052148274438693, 4.07090192743753753746, 4.03424837987485584989, 3.99245690231962191419, 3.94511812859470589743, 3.89180314280361860924, 3.83206623865205564528, 3.76544918030063469061, 3.69148905505794111548, 3.60972714424133300781, 3.51972165613071563683, 3.42106513299508874226, 3.31340733705935086562, 3.19648601775999763319, 3.07016078301008077389, 2.93446544167054179653, 2.78966368463544389655, 2.63631937408174454873, 2.47537998898206446086, 2.30826871243062070604, 2.13697815771501398174, 1.96416767720692408972, 1.79322759228510975049, 1.62829173588103270909, 1.47414983221509454658, 1.33599112610607173579, 1.21889835457057960078, 1.12702649572548274648, 1.06245123155084231215, 1.02391359100482781663, 1.00611803882865813442, 1.0007650915944601433, 1.00002205396639265444, 1., 1.]
unitTests.x[3]=[4.4358921051025390625, 4.47878122427031399866, 4.52286100587626549441, 4.5681633980115909921, 4.61471987193160337881, 4.66256427404044160312, 4.71173144056128112567, 4.76225757446451680721, 4.81418133724501284831, 4.86754177069091653607, 4.92238091595202131856, 4.97874117238585967016, 5.03666783956509434006, 5.09620812437463932554, 5.15741157162398966562, 5.22032924669948439345, 5.28501560652711965815, 5.35152672517031291477, 5.41992182546106082697, 5.49026300226088270762, 5.5626148959173509212, 5.63704638669646751481, 5.71362830135772536977, 5.79243656642297466419, 5.87354998241093095857, 5.95705127716064453125, 6.04302891480842774286, 6.13157405763062524073, 6.22278403133916047096, 6.31676205024668036003, 6.41361510971267101411, 6.51345822782009165053, 6.61641176083922477602, 6.72260270303422924343, 6.8321671088503901359, 6.94524724189543452013, 7.06199486002028908871, 7.1825718296314207123, 7.30714851705613366306, 7.43590659779739215907, 7.56903926422762651782, 7.70675330411785619589, 7.84926862688821991298, 7.99681891211389039853, 8.14965633293087066136, 8.30804748721031138814, 8.47228131668188666481, 8.64266493009271741244, 8.81952972710191218653, 9.00323087035332392247, 9.19415283203125, 9.39270706455748971564, 9.59934179544079491109, 9.81453767804454990653, 10.03881786902793038507, 10.2727496165630114433, 10.51695054792950045908, 10.77209014518316188003, 11.03890178555362666657, 11.31818560387355176999, 11.61081815029102770609, 11.91776421496401461297, 12.24008162996030968372, 12.57894055768915819726, 12.93563227706311735687, 13.31159016403087314018, 13.70840442814123960602, 14.12785839764532092033, 14.57193723503850257828, 15.04287159124772976782, 15.54317631425622536767, 16.07569240633729990009, 16.64364265953006594145, 17.2507121547872230849, 17.90111287000303263994, 18.59969329833984375, 19.35206106604399778348, 20.16474694948995605159, 21.04539371868356312234, 22.00300766086249026898, 23.04829277013108423944, 24.19404764290809239924, 25.45572185446552282428, 26.85215243181568212094, 28.40654043411580076395, 30.14779416324270755467, 32.11246574741555548371, 34.3473919045172664255, 36.91366709599856221757, 39.89256750856813482642, 43.39466630056001861249, 47.57447768357447159815, 52.65497803992224845615, 58.9704196448302866429, 67.04655679190133810152, 77.76222978309853317569, 92.70951188499779505037, 115.11259266379387611323, 152.68412637854029867412, 229.85984760507014357245, 491.428497314453125]
