last-generated=2017-10-26
statistics-simulation=
{
  "numerical Jacobians": "0", 
  "nonlinear": " ", 
  "number of continuous time states": "100", 
  "linear": " "
}
unitTests.x[1]=[600., 577.875244140625, 551.82904052734375, 526.31512451171875, 503.077362060546875, 481.97955322265625, 462.6075439453125, 444.639129638671875, 427.82000732421875, 411.96514892578125, 396.941680908203125, 382.653961181640625, 369.027557373046875, 356.001129150390625, 343.525665283203125, 331.562408447265625, 320.07989501953125, 309.05230712890625, 298.457061767578125, 288.274505615234375, 278.489288330078125, 269.09149169921875, 260.074127197265625, 251.4314117431640625, 243.161224365234375, 235.2630615234375, 227.73651123046875, 220.5840911865234375, 213.80444335937497157829, 207.40043640136721592171, 201.36798095703125, 195.7072296142578125, 190.412078857421875, 185.4762115478515625, 180.8910064697265625, 176.64501953125, 172.7253875732421875, 169.11907958984375, 165.810394287109375, 162.7849884033203125, 160.0269775390625, 157.5203704833984375, 155.2497711181640625, 153.198638916015625, 151.351318359375, 149.69207763671875, 148.2054443359375, 146.8765716552734375, 145.6915130615234375, 144.6368560791015625, 143.700225830078125, 142.870269775390625, 142.1355438232421875, 141.4862213134765625, 140.913055419921875, 140.4077606201171875, 139.9635009765625, 139.573883056640625, 139.233306884765625, 138.93719482421875, 138.67987060546875, 138.453460693359375, 138.256500244140625, 138.0858917236328125, 137.9390869140625, 137.8100128173828125, 137.6979827880859375, 137.601348876953125, 137.518798828125, 137.4473114013671875, 137.384307861328125, 137.329986572265625, 137.2836456298828125, 137.2445831298828125, 137.20953369140625, 137.179412841796875, 137.1539459228515625, 137.1330108642578125, 137.1148223876953125, 137.09912109375, 137.086181640625, 137.07598876953125, 137.0681915283203125, 137.0617218017578125, 137.056793212890625, 137.05316162109375, 137.0504608154296875, 137.04876708984375, 137.047637939453125, 137.046722412109375, 137.0456085205078125, 137.0444793701171875, 137.0436248779296875, 137.0426025390625, 137.0413665771484375, 137.0399169921875, 137.03851318359375, 137.037109375, 137.0358428955078125, 137.03485107421875, 137.0343475341796875]
time=[0., 50.]
