last-generated=2017-10-26
statistics-initialization=
{
  "numerical Jacobians": "1", 
  "nonlinear": "20"
}
statistics-simulation=
{
  "numerical Jacobians": "0", 
  "nonlinear": " ", 
  "number of continuous time states": "20", 
  "linear": " "
}
unitTests.x[1]=[818.62188720703125, 818.62188720703125, 818.62188720703125, 818.62188720703125, 818.62188720703125, 818.62188720703125, 818.62188720703125, 818.62188720703125, 818.62188720703125, 818.62188720703125, 818.62188720703125, 818.62188720703125, 818.62188720703125, 818.62188720703125, 818.62188720703125, 818.62188720703125, 818.62188720703125, 818.62188720703125, 818.62188720703125, 818.62188720703125, 818.62188720703125, 818.62188720703125, 818.62188720703125, 818.62188720703125, 818.62188720703125, 818.62188720703125, 818.62188720703125, 818.62188720703125, 818.62188720703125, 818.62188720703125, 818.62188720703125, 818.62188720703125, 818.62188720703125, 818.62188720703125, 818.62188720703125, 818.62188720703125, 818.62188720703125, 818.62188720703125, 818.62188720703125, 818.62188720703125, 818.62188720703125, 818.62188720703125, 818.62188720703125, 818.62188720703125, 818.62188720703125, 818.62188720703125, 818.62188720703125, 818.62188720703125, 818.62188720703125, 818.62188720703125, 818.62188720703125, 818.62188720703125, 818.62188720703125, 818.62188720703125, 818.62188720703125, 818.62188720703125, 818.62188720703125, 818.62188720703125, 818.62188720703125, 818.62188720703125, 818.62188720703125, 818.62188720703125, 818.62188720703125, 818.62188720703125, 818.62188720703125, 818.62188720703125, 818.62188720703125, 818.62188720703125, 818.62188720703125, 818.62188720703125, 818.62188720703125, 818.62188720703125, 818.62188720703125, 818.62188720703125, 818.62188720703125, 818.62188720703125, 818.62188720703125, 818.62188720703125, 818.62188720703125, 818.62188720703125, 818.62188720703125, 818.62188720703125, 818.62188720703125, 818.62188720703125, 818.62188720703125, 818.62188720703125, 818.62188720703125, 818.62188720703125, 818.62188720703125, 818.62188720703125, 818.62188720703125, 818.62188720703125, 818.62188720703125, 818.62188720703125, 818.62188720703125, 818.62188720703125, 818.62188720703125, 818.62188720703125, 818.62188720703125, 818.62188720703125, 818.62188720703125]
time=[0., 1.]
unitTests.x[2]=[48.759471893310546875, 48.759471893310546875, 48.759471893310546875, 48.759471893310546875, 48.759471893310546875, 48.759471893310546875, 48.759471893310546875, 48.759471893310546875, 48.759471893310546875, 48.759471893310546875, 48.759471893310546875, 48.759471893310546875, 48.759471893310546875, 48.759471893310546875, 48.759471893310546875, 48.759471893310546875, 48.759471893310546875, 48.759471893310546875, 48.759471893310546875, 48.759471893310546875, 48.759471893310546875, 48.759471893310546875, 48.759471893310546875, 48.759471893310546875, 48.759471893310546875, 48.759471893310546875, 48.759471893310546875, 48.759471893310546875, 48.759471893310546875, 48.759471893310546875, 48.759471893310546875, 48.759471893310546875, 48.759471893310546875, 48.759471893310546875, 48.759471893310546875, 48.759471893310546875, 48.759471893310546875, 48.759471893310546875, 48.759471893310546875, 48.759471893310546875, 48.759471893310546875, 48.759471893310546875, 48.759471893310546875, 48.759471893310546875, 48.759471893310546875, 48.759471893310546875, 48.759471893310546875, 48.759471893310546875, 48.759471893310546875, 48.759471893310546875, 48.759471893310546875, 48.759471893310546875, 48.759471893310546875, 48.759471893310546875, 48.759471893310546875, 48.759471893310546875, 48.759471893310546875, 48.759471893310546875, 48.759471893310546875, 48.759471893310546875, 48.759471893310546875, 48.759471893310546875, 48.759471893310546875, 48.759471893310546875, 48.759471893310546875, 48.759471893310546875, 48.759471893310546875, 48.759471893310546875, 48.759471893310546875, 48.759471893310546875, 48.759471893310546875, 48.759471893310546875, 48.759471893310546875, 48.759471893310546875, 48.759471893310546875, 48.759471893310546875, 48.759471893310546875, 48.759471893310546875, 48.759471893310546875, 48.759471893310546875, 48.759471893310546875, 48.759471893310546875, 48.759471893310546875, 48.759471893310546875, 48.759471893310546875, 48.759471893310546875, 48.759471893310546875, 48.759471893310546875, 48.759471893310546875, 48.759471893310546875, 48.759471893310546875, 48.759471893310546875, 48.759471893310546875, 48.759471893310546875, 48.759471893310546875, 48.759471893310546875, 48.759471893310546875, 48.759471893310546875, 48.759471893310546875, 48.759471893310546875, 48.759471893310546875]
unitTests.x[3]=[292.55682373046875, 292.55682373046875, 292.55682373046875, 292.55682373046875, 292.55682373046875, 292.55682373046875, 292.55682373046875, 292.55682373046875, 292.55682373046875, 292.55682373046875, 292.55682373046875, 292.55682373046875, 292.55682373046875, 292.55682373046875, 292.55682373046875, 292.55682373046875, 292.55682373046875, 292.55682373046875, 292.55682373046875, 292.55682373046875, 292.55682373046875, 292.55682373046875, 292.55682373046875, 292.55682373046875, 292.55682373046875, 292.55682373046875, 292.55682373046875, 292.55682373046875, 292.55682373046875, 292.55682373046875, 292.55682373046875, 292.55682373046875, 292.55682373046875, 292.55682373046875, 292.55682373046875, 292.55682373046875, 292.55682373046875, 292.55682373046875, 292.55682373046875, 292.55682373046875, 292.55682373046875, 292.55682373046875, 292.55682373046875, 292.55682373046875, 292.55682373046875, 292.55682373046875, 292.55682373046875, 292.55682373046875, 292.55682373046875, 292.55682373046875, 292.55682373046875, 292.55682373046875, 292.55682373046875, 292.55682373046875, 292.55682373046875, 292.55682373046875, 292.55682373046875, 292.55682373046875, 292.55682373046875, 292.55682373046875, 292.55682373046875, 292.55682373046875, 292.55682373046875, 292.55682373046875, 292.55682373046875, 292.55682373046875, 292.55682373046875, 292.55682373046875, 292.55682373046875, 292.55682373046875, 292.55682373046875, 292.55682373046875, 292.55682373046875, 292.55682373046875, 292.55682373046875, 292.55682373046875, 292.55682373046875, 292.55682373046875, 292.55682373046875, 292.55682373046875, 292.55682373046875, 292.55682373046875, 292.55682373046875, 292.55682373046875, 292.55682373046875, 292.55682373046875, 292.55682373046875, 292.55682373046875, 292.55682373046875, 292.55682373046875, 292.55682373046875, 292.55682373046875, 292.55682373046875, 292.55682373046875, 292.55682373046875, 292.55682373046875, 292.55682373046875, 292.55682373046875, 292.55682373046875, 292.55682373046875, 292.55682373046875]
