last-generated=2017-10-27
statistics-initialization=
{
  "numerical Jacobians": "2", 
  "nonlinear": "4, 1"
}
statistics-simulation=
{
  "numerical Jacobians": "2", 
  "nonlinear": "4, 1", 
  "linear": " "
}
unitTests.x[1]=[-0.53246510028839111328, -0.53246510028839111328, -0.53246510028839111328, -0.53246510028839111328, -0.53246510028839111328, -0.53246510028839111328, -0.53246510028839111328, -0.53246510028839111328, -0.53246510028839111328, -0.53246510028839111328, -0.53246510028839111328, -0.54025971703058150997, -0.54810380560519911253, -0.55599952121786455628, -0.56394893121116851376, -0.57195442914962768555, -0.58001851842548068916, -0.5881438812477425282, -0.59633344804051235943, -0.60459035832658258869, -0.61291790008544921875, -0.62131977886068101569, -0.6297999579829738348, -0.63836282902025354158, -0.64701311951172368886, -0.6557559967041015625, -0.66459716214326625128, -0.6735430316930732797, -0.68260056215190778595, -0.69177763773232736622, -0.70108300447463989258, -0.71052653504497820247, -0.72011941210163654681, -0.72987449638323509404, -0.73980640409103592958, -0.74993222951889038086, -0.76027185721675882846, -0.77084880557190960104, -0.78169137763181373302, -0.79283355588992532326, -0.80431771278381347656, -0.8161967512136648617, -0.82853897828164846384, -0.84143463239087956662, -0.85500805238115262785, -0.86943787336349487305, -0.88499839666859569931, -0.90423546512429187061, -0.92962509915303681574, -0.96145465601383084397, -1.00001108646392822266, -1.03856590759430145177, -1.07039087486903494728, -1.09577270072340637874, -1.11499880192446942928, -1.13054525852203369141, -1.1449579133496263772, -1.15851106773227363611, -1.1713832377023760678, -1.18369888107607224015, -1.19554817676544189453, -1.20699955107316436731, -1.21810581388646244072, -1.22890923373237814786, -1.2394440074846979627, -1.24973833560943603516, -1.25981570240651996606, -1.26969601589799263586, -1.27939627720584647719, -1.28893124155618488125, -1.29831373691558837891, -1.30755496900537537819, -1.31666471299043252863, -1.32565174784628525551, -1.33452402705173023278, -1.34328854084014892578, -1.35195148813195831217, -1.36051882936115831058, -1.36899541201650598587, -1.37738632358820267676, -1.38569569587707519531, -1.39392754292919951453, -1.402085677366011085, -1.41017316237759660069, -1.41819348996656069417, -1.42614924907684326172, -1.43404325822970202253, -1.44187809523226984076, -1.44965587569146747704, -1.45737901286242466092, -1.46504938602447509766, -1.46504938602447509766, -1.46504938602447509766, -1.46504938602447509766, -1.46504938602447509766, -1.46504938602447509766, -1.46504938602447509766, -1.46504938602447509766, -1.46504938602447509766, -1.46504938602447509766, -1.46504938602447509766]
time=[0., 10.]
