last-generated=2017-10-26
statistics-simulation=
{
  "numerical Jacobians": "0", 
  "nonlinear": " ", 
  "number of continuous time states": "450", 
  "linear": " "
}
unitTests.x[1]=[298.149993896484375, 298.5147705078125, 298.89556884765625, 299.251312255859375, 299.614532470703125, 300.007080078125, 300.44061279296875, 300.917510986328125, 301.431854248046875, 301.97027587890625, 302.512481689453125, 302.466583251953125, 302.401153564453125, 302.32891845703125, 302.261260986328125, 302.206390380859375, 302.169647216796875, 302.15447998046875, 302.16302490234375, 302.196746826171875, 302.256683349609375, 302.1795654296875, 302.146453857421875, 302.15478515625, 302.20257568359375, 302.289398193359375, 302.4156494140625, 302.58251953125, 302.791961669921875, 303.04644775390625, 303.34906005859375, 303.703338623046875, 304.113525390625, 304.5843505859375, 305.121429443359375, 305.7315673828125, 306.42364501953125, 307.209503173828125, 308.10528564453125, 309.132415771484375, 310.318756103515625, 311.69842529296875, 313.3106689453125, 315.196929931640625, 317.395721435546875, 319.9361572265625, 322.8277587890625, 326.052764892578125, 329.556610107421875, 333.23541259765625, 336.921783447265625, 340.380706787109375, 343.313323974609375, 345.3804931640625, 346.290863037109375, 345.871368408203125, 344.134735107421875, 341.289093017578125, 337.677459716796875, 333.682464599609375, 329.643646240234375, 325.8106689453125, 322.335235595703125, 319.28680419921875, 316.6771240234375, 314.483184814453125, 312.664154052734375, 311.172393798828125, 309.96044921875, 308.98846435546875, 308.22021484375, 307.624725341796875, 307.178009033203125, 306.861541748046875, 306.660491943359375, 306.563751220703125, 306.564178466796875, 306.657562255859375, 306.840789794921875, 307.11309814453125, 307.476837158203125, 307.93505859375, 308.490020751953125, 309.14739990234375, 309.915435791015625, 310.802520751953125, 311.819427490234375, 312.983367919921875, 314.318389892578125, 315.854644775390625, 317.6331787109375, 319.70458984375, 322.125213623046875, 324.954559326171875, 328.24676513671875, 332.0390625, 336.339813232421875, 341.11541748046875, 346.27545166015625, 351.657470703125, 357.01025390625]
time=[0., 100.]
