last-generated=2017-10-26
statistics-initialization=
{
  "linear": "22"
}
statistics-simulation=
{
  "numerical Jacobians": "0", 
  "nonlinear": " ", 
  "number of continuous time states": "60", 
  "linear": "0, 0"
}
unitTests.x[1]=[4.5, 4.5]
time=[0., 1.]
unitTests.x[2]=[0., 0.00478470080789841334, 0.08281666791797244465, 0.25089679535003389654, 0.45471485315530435489, 0.66124473463521293848, 0.85718509000901521588, 1.03810095247877054447, 1.20326032938120852656, 1.35334689018014864281, 1.48951862213436858617, 1.61297786902947981602, 1.72490516045994923822, 1.8263609848013167003, 1.91835903573047827919, 2.00180120262970540068, 2.0774822480574508532, 2.14611982071919937809, 2.20837397890985709381, 2.26484991341714492208, 2.31609509848201744475, 2.36259773159613883919, 2.40478849867150490383, 2.4430522759052251125, 2.47778560420888105398, 2.50928592681884765625, 2.53786542504116807706, 2.56379339297393427088, 2.58730125147010614484, 2.60863734906018418513, 2.62798378545470656675, 2.64553808747427465775, 2.66146398623588043009, 2.67590568556085894869, 2.68900894650104316241, 2.70089245484958118126, 2.71167062171244577229, 2.72144722472352906806, 2.73031545068659298181, 2.73835373967015272001, 2.74563931984568831979, 2.75223970626967906483, 2.75821686500985663315, 2.76363110155041002969, 2.76854038344765829294, 2.77299643046233246224, 2.77705120701987295817, 2.78075265924232484238, 2.78409409848765010409, 2.78713035293936295389, 2.78989052772521972656, 2.7924015543767404246, 2.79468369879350930773, 2.79675674977417676459, 2.79864048553618882664, 2.80035185609892600667, 2.80190610848563848023, 2.80331492515398483789, 2.80459261133973036806, 2.80575156487911714365, 2.80680417763563916367, 2.80775499207857004436, 2.80861544568040200076, 2.80939579043888487675, 2.81010627838975413084, 2.81075215478357876009, 2.8113338932039444451, 2.8118624678373285164, 2.81234407390479601574, 2.81278514871559082167, 2.81318354649857882421, 2.81354618143313572887, 2.81387615109452360329, 2.81417655887526008129, 2.81445026371602535775, 2.81469893455505371094, 2.81492471714477687783, 2.81512951886270501589, 2.8153150086429810095, 2.8154826160649140121, 2.81563425046010706865, 2.81577086445412305693, 2.81589388855314837201, 2.81600523011826453512, 2.81610608125089223464, 2.81619834877904029469, 2.81628417956471821526, 2.81636238094415602973, 2.81642651560605372651, 2.81648278243449112779, 2.81653213511208333486, 2.81657505024145438099, 2.81661248200845193423, 2.81664538381130569178, 2.81667423248916293232, 2.81670045855531725465, 2.8167245388511896742, 2.81674695008541720043, 2.81676793094447930343, 2.81678819654439394071, 2.81680798530578613281]
unitTests.x[3]=[1.5, 1.5]
