last-generated=2017-10-26
statistics-simulation=
{
  "numerical Jacobians": "0", 
  "nonlinear": " ", 
  "number of continuous time states": "50", 
  "linear": " "
}
unitTests.x[1]=[25., 26.1816043853759765625, 26.9798374176025390625, 27.629337310791015625, 28.2152614593505859375, 28.78057098388671875, 29.34865570068359375, 29.9287738800048828125, 30.518283843994140625, 31.104522705078125, 31.66751861572265625, 31.422618865966796875, 31.22723388671875, 31.07613372802734375, 30.967845916748046875, 30.9010028839111328125, 30.8740253448486328125, 30.8852252960205078125, 30.9330539703369140625, 31.0162487030029296875, 31.13385772705078125, 31.0594272613525390625, 31.0621013641357421875, 31.1267375946044921875, 31.2461338043212890625, 31.416278839111328125, 31.6357879638671875, 31.9044437408447265625, 32.222782135009765625, 32.591709136962890625, 33.011806488037109375, 33.4835052490234375, 34.006855010986328125, 34.58167266845703125, 35.207836151123046875, 35.88652801513671875, 36.6215362548828125, 37.420955657958984375, 38.2995147705078125, 39.279743194580078125, 40.3921966552734375, 42.202854156494140625, 44.23345947265625, 46.47097015380859375, 48.910617828369140625, 51.5445709228515625, 54.36423492431640625, 57.354053497314453125, 60.481731414794921875, 63.67718505859375, 66.96082305908203125, 69.975555419921875, 72.42740631103515625, 74.02141571044921875, 74.5533905029296875, 73.77146148681639203915, 71.72453308105465907829, 68.66025543212893467171, 64.85774993896487217171, 60.73389434814453125, 56.5840606689453125, 52.702606201171875, 49.241546630859375, 46.2556915283203125, 43.704578399658203125, 41.56279754638671875, 39.9132537841796875, 38.587368011474609375, 37.531337738037109375, 36.704708099365234375, 36.073150634765625, 35.60842132568359375, 35.287181854248046875, 35.09229278564453125, 35.010669708251953125, 35.03244781494140625, 35.150531768798828125, 35.3601837158203125, 35.658447265625, 36.043453216552734375, 36.513904571533203125, 37.06873321533203125, 37.70687103271484375, 38.42739105224609375, 39.230045318603515625, 40.116546630859375, 41.092548370361328125, 42.170185089111328125, 43.370723724365234375, 44.733165740966796875, 46.912624359130859375, 49.479694366455078125, 52.3521575927734375, 55.530426025390625, 59.009235382080078125, 62.8581085205078125, 67.1014556884765625, 71.614227294921875, 76.37624359130859375, 81.348663330078125, 86.23621368408203125]
time=[0., 100.]
