last-generated=2017-10-26
statistics-initialization=
{
  "linear": "20"
}
statistics-simulation=
{
  "numerical Jacobians": "0", 
  "nonlinear": " ", 
  "number of continuous time states": "20", 
  "linear": " "
}
unitTests.x[1]=[1031.525146484375, 1031.525146484375, 1031.525146484375, 1031.525146484375, 1031.525146484375, 1031.525146484375, 1031.525146484375, 1031.525146484375, 1031.525146484375, 1031.525146484375, 1031.525146484375, 1031.525146484375, 1031.525146484375, 1031.525146484375, 1031.525146484375, 1031.525146484375, 1031.525146484375, 1031.525146484375, 1031.525146484375, 1031.525146484375, 1031.525146484375, 1031.525146484375, 1031.525146484375, 1031.525146484375, 1031.525146484375, 1031.525146484375, 1031.525146484375, 1031.525146484375, 1031.525146484375, 1031.525146484375, 1031.525146484375, 1031.525146484375, 1031.525146484375, 1031.525146484375, 1031.525146484375, 1031.525146484375, 1031.525146484375, 1031.525146484375, 1031.525146484375, 1031.525146484375, 1031.525146484375, 1031.525146484375, 1031.525146484375, 1031.525146484375, 1031.525146484375, 1031.525146484375, 1031.525146484375, 1031.525146484375, 1031.525146484375, 1031.525146484375, 1031.525146484375, 1031.525146484375, 1031.525146484375, 1031.525146484375, 1031.525146484375, 1031.525146484375, 1031.525146484375, 1031.525146484375, 1031.525146484375, 1031.525146484375, 1031.525146484375, 1031.525146484375, 1031.525146484375, 1031.525146484375, 1031.525146484375, 1031.525146484375, 1031.525146484375, 1031.525146484375, 1031.525146484375, 1031.525146484375, 1031.525146484375, 1031.525146484375, 1031.525146484375, 1031.525146484375, 1031.525146484375, 1031.525146484375, 1031.525146484375, 1031.525146484375, 1031.525146484375, 1031.525146484375, 1031.525146484375, 1031.525146484375, 1031.525146484375, 1031.525146484375, 1031.525146484375, 1031.525146484375, 1031.525146484375, 1031.525146484375, 1031.525146484375, 1031.525146484375, 1031.525146484375, 1031.525146484375, 1031.525146484375, 1031.525146484375, 1031.525146484375, 1031.525146484375, 1031.525146484375, 1031.525146484375, 1031.525146484375, 1031.525146484375, 1031.525146484375]
time=[0., 10.]
