last-generated=2018-03-21
statistics-simulation=
{
  "numerical Jacobians": "0", 
  "nonlinear": " ", 
  "linear": " "
}
unitTests.x[1]=[48285.6953125, 3218.33175296670378884301, 2838.15088712445822238806, 3184.38552816447918303311, 3675.27323979520588181913, 4206.90620979737650486641, 4749.14753378024397534318, 5291.15330421398903126828, 5828.6241190157716118847, 6359.84356121828841423849, 6884.21720753037243412109, 7401.66555797792352677789, 7912.34632749200227408437, 8416.52660611426290415693, 8914.51559549503690504935, 9406.63252082634789985605, 9893.18864957602272625081, 10374.48038313380129693542, 10850.78677040260299690999, 11322.36827595901377208065, 11789.46470518900969182141, 12252.29913020600542949978, 12711.07622632152379082981, 13165.98516254796231805813, 13617.20434264290815917775, 14064.89453125, 14509.20842991098106722347, 14950.28370828367224021349, 15388.25483076797718240414, 15823.24059605231195746455, 16255.35495532721142808441, 16684.70497611553946626373, 17111.39092921260453294963, 17535.50530498081934638321, 17957.13461533447480178438, 18376.36548346245399443433, 18793.27088963796268217266, 19207.92753715360595379025, 19620.40253985399249359034, 20030.76425739347541821189, 20439.07202282292928430252, 20845.38686366302863461897, 21249.76420091813270119019, 21652.25752532777187298052, 22052.91806400849236524664, 22451.79149005512590520084, 22848.92545061550117679872, 23244.36528143628675024956, 23638.15276528977847192436, 24030.32384572407681844197, 24420.923828125, 24809.98279229365289211273, 25197.54175311010112636723, 25583.6300085667462553829, 25968.27847348964496632107, 26351.52493481823694310151, 26733.3963934929997776635, 27113.92019354327931068838, 27493.12758473629219224676, 27871.040051959174888907, 28247.68465062574250623584, 28623.09126080154965166003, 28997.27911874255005386658, 29370.27166194874735083431, 29742.09428076579206390306, 30112.7645541567362670321, 30482.30372006294783204794, 30850.7357144386951404158, 31218.07981567528622690588, 31584.34969657888723304495, 31949.568794230479397811, 32313.75468647571324254386, 32676.91888436755107250065, 33039.08524769070209003985, 33400.26528121275623561814, 33760.48046875, 34119.73862354737502755597, 34478.05927610995422583073, 34835.45805255512823350728, 35191.94064278531004674733, 35547.53473256853612838313, 35902.24210304305597674102, 36256.07837753277271986008, 36609.05527609132695943117, 36961.19232810637913644314, 37312.49135131108050700277, 37662.96824940405349479988, 38012.6404585071504698135, 38361.50797862037870800123, 38709.59034099374548532069, 39056.89535812723624985665, 39403.42877998360927449539, 39749.20645504320418694988, 40094.23803458358452189714, 40438.52742578590550692752, 40782.09025299835775513202, 41124.93432872094854246825, 41467.06542852353595662862, 41808.49544342223089188337, 42149.23405058104981435463, 42489.28515625]
time=[0., 1.]
unitTests.x[2]=[1., 0.04455372580969098328, 0.02030319296234773738, 0.01273154620854319297, 0.0091261153544849264, 0.00704389589951716268, 0.00569847816712138518, 0.00476255270223101441, 0.00407650963044827331, 0.00355359555871979883, 0.0031427566974513055, 0.00281206493352522758, 0.00254056875491752128, 0.00231397095482311797, 0.00212219521527655516, 0.00195794212409840414, 0.0018158002748500904, 0.00169167611499433136, 0.00158241782702337407, 0.00148556064966357741, 0.00139915107392680018, 0.00132162072533146798, 0.00125169718311593037, 0.00118833759525517981, 0.00113067889428095114, 0.00107800192199647427, 0.00102970185934946707, 0.00098526726863974149, 0.00094426220054523078, 0.00090631321518120267, 0.00087109887362646517, 0.00083834032583465583, 0.00080779530326652652, 0.00077925201167693278, 0.00075252424919807382, 0.00072744824872998789, 0.00070387908268921943, 0.00068168791339824836, 0.00066076026027533756, 0.00064099361932990764, 0.00062229630923208345, 0.00060458591289866024, 0.00058778803978663124, 0.00057183568081563209, 0.000556668088505271, 0.00054223001419807446, 0.00052847143918310793, 0.00051534658843573695, 0.00050281371072606834, 0.00049083459842617092, 0.00047937416820786893, 0.00046840032586340565, 0.00045788344360457307, 0.00044779625107563086, 0.00043811365902086404, 0.00042881223994251159, 0.00041987054491833547, 0.00041126857956061619, 0.00040298786288220552, 0.0003950111071647981, 0.00038732237934470132, 0.00037990659935576386, 0.00037274993127306281, 0.0003658393365555777, 0.0003591626497688764, 0.00035270849127362397, 0.00034646621652872157, 0.00034042573943556561, 0.00033457772635687717, 0.00032891332970252788, 0.00032342425485447395, 0.00031810267286567205, 0.00031294127983674943, 0.00030793302935293928, 0.00030307143335941072, 0.00029835032182745636, 0.00029376378666839302, 0.00028930632724161388, 0.00028497273392816594, 0.00028075799656156626, 0.00027665740827193398, 0.00027266654163403089, 0.00026878114748444783, 0.00026499720947793104, 0.00026131088589984123, 0.00025771855989541013, 0.00025421675439914014, 0.00025080217325758005, 0.00024747170234699559, 0.00024422234396452439, 0.00024105121682470727, 0.00023795563249502728, 0.00023493297838394198, 0.00023198075568443884, 0.00022909662152671882, 0.00022627827670470689, 0.00022352356752662402, 0.0002208304434822688, 0.00021819686431785173, 0.00021562093995396088, 0.00021310086594894528]
unitTests.x[3]=[0., 834718.2686574496328830719, 1669436.53731517866253852844, 2504154.80597276799380779266, 3338873.07462896732613444328, 4173591.18781105661764740944, 5008309.61194680351763963699, 5843027.9751229332759976387, 6677746.14926240500062704086, 7512464.20149307046085596085, 8347182.37562211323529481888, 9181901.04975115507841110229, 10016619.2238801959902048111, 10851338.39800923876464366913, 11686055.95024884678423404694, 12520773.50248845107853412628, 13355492.29854269139468669891, 14190210.85072865523397922516, 15024928.40298614092171192169, 15859647.19900462031364440918, 16694364.75124422647058963776, 17529084.54719713702797889709, 18363802.09951423108577728271, 19198519.65178364142775535583, 20033238.44781403616070747375, 20867956., 21702676.79580453038215637207, 22537393.10450536385178565979, 23372111.90047094225883483887, 24206830.69649582728743553162, 25041547.00524433702230453491, 25876265.80104886740446090698, 26710984.59699642658233642578, 27545702.9055065549910068512, 28380421.70150179043412208557, 29215140.49737782776355743408, 30049856.8060071505606174469, 30884575.60200238227844238281, 31719294.39799761772155761719, 32554013.1939928494393825531, 33388729.50262217223644256592, 34223448.29849821329116821289, 35058169.09449344128370285034, 35892883.40328963100910186768, 36727604.19899880886077880859, 37562324.99451728165149688721, 38397039.30350417643785476685, 39231760.09952905774116516113, 40066476.89549463242292404175, 40901195.20400476455688476562, 41735912., 42570632.79599523544311523438, 43405353.59122765064239501953, 44240070.3879856988787651062, 45074786.20901072770357131958, 45909503.00500596314668655396, 46744223.80100119858980178833, 47578940.59699641913175582886, 48413661.39299165457487106323, 49248382.18793801963329315186, 50083094.01001191884279251099, 50917814.80600714683532714844, 51752531.60200238227844238281, 52587252.39799761772155761719, 53421969.19399285316467285156, 54256689.98998808115720748901, 55091405.81101310998201370239, 55926122.60700834542512893677, 56760843.40300358086824417114, 57595560.19899880141019821167, 58430280.99499403685331344604, 59264997.79098927229642868042, 60099713.6120143011212348938, 60934434.40800953656435012817, 61769151.20400476455688476562, 62603872., 63438588.79599523544311523438, 64273309.59199046343564987183, 65108026.3879856988787651062, 65942742.20901072770357131958, 66777459.00548271834850311279, 67612183.80090583860874176025, 68446896.59728246927261352539, 69281617.39232419431209564209, 70116338.18793801963329315186, 70951054.00905840098857879639, 71785766.80657926201820373535, 72620487.60219308733940124512, 73455208.39780691266059875488, 74289929.19342073798179626465, 75124649.98903456330299377441, 75959357.81206198036670684814, 76794078.60767580568790435791, 77628799.40328963100910186768, 78463520.19890345633029937744, 79298240.99451728165149688721, 80132953.79184743762016296387, 80967669.6131585240364074707, 81802390.40724672377109527588, 82637111.20362335443496704102, 83471824.]
