last-generated=2018-04-05
statistics-simulation=
{
  "numerical Jacobians": "0", 
  "nonlinear": " ", 
  "linear": " "
}
unitTests.x[1]=[4000., 4251.16210563592267135391, 4501.33300037574190355372, 4749.5253611605885453173, 4994.75975109230148518691, 5236.06787109375, 5472.49799102486213087104, 5703.11721452809069887735, 5927.01462209305736905662, 6143.307179295938112773, 6351.14111328125, 6549.69575437282037455589, 6738.18838868799866759218, 6915.8745932044112123549, 7082.05277227928309002891, 7236.06787109375, 7377.31149101347364194226, 7505.22650410753158212174, 7619.30815581230399402557, 7719.10597873923597944668, 7804.22607421875, 7874.33257767843042529421, 7929.14890258663945132867, 7968.45899864753209840273, 7992.10691704180408123648, 8000., 7992.10691704180408123648, 7968.45899864753209840273, 7929.14890258663945132867, 7874.33257767843042529421, 7804.22607421875, 7719.10586739835162006784, 7619.30815581260412727715, 7505.22650410718233615626, 7377.31165059342038148316, 7236.06787109375, 7082.05258043887351959711, 6915.87459320489597303094, 6738.18838868747479864396, 6549.69598449644399806857, 6351.14111328125, 6143.30692573338092188351, 5927.01422692515734524932, 5703.1176199507372075459, 5472.4982691679397248663, 5236.06787109375, 4994.75953310146996955154, 4749.52491919372187112458, 4501.33348301098430965794, 4251.16234848531348688994, 4000., 3748.83765151468696785741, 3498.66651698901569034206, 3250.47532494457527718623, 3005.24071103798905824078, 2763.93212890625, 2527.50148669143300139694, 2296.88238004693675975432, 2072.98577307717141593457, 1856.69307426778527769784, 1648.8590087890625, 1450.30389343266142532229, 1261.81117606316138335387, 1084.12581861935427696153, 917.94717542166540624748, 763.9320068359375, 622.68816630256503685814, 494.77305661940806658095, 380.69200980391906341538, 280.89413260048473830466, 195.7739410400390625, 125.66730025147559501875, 70.85091106084770729012, 31.54125798328659158187, 7.89310298593435533121, 0., 7.89310298593435533121, 31.54125798328659158187, 70.85091106084772150098, 125.66730025147559501875, 195.7739410400390625, 280.8936956521701517886, 380.69200979898812420288, 494.77305662484980075533, 622.68881223490552656585, 763.9320068359375, 917.94641503380012181879, 1084.1258186114769159758, 1261.81117607144483372394, 1450.30481967027526479797, 1648.8590087890625, 1856.69206487090605151025, 2072.98577306712377321674, 2296.88238005724679169361, 2527.50260257258605633979, 2763.93212890625, 3005.23955144247292992077, 3250.47532493333574166172, 3498.6665170003475395788, 3748.83884780246535228798, 4000.]
time=[0., 10.]
unitTests.x[2]=[0.25, 0.6908389270660527659, 0.96329235513924227341, 0.96329237426701974645, 0.69083895461897781853, 0.25, -0.19083883819161168161, -0.4632924040693036094, -0.46329240406930344287, -0.19083883819161212569, 0.25, 0.69083883819132074766, 0.96329227764151592606, 0.96329227764151592606, 0.69083883819131985948, 0.25, -0.19083883819132962945, -0.46329230744376764806, -0.46329230744376764806, -0.19083883819132960169, 0.25, 0.69083927903874442489, 0.96329227764102365317, 0.96329227764102287601, 0.69083927903874453591, 0.25, -0.1908392790387444804, -0.46329230744327493108, -0.46329230744327420943, -0.1908392790387444804, 0.25, 0.69083927903874442489, 0.96329227764102365317, 0.96329227764102287601, 0.69083927903874287058, 0.25, -0.19083927903874287058, -0.46329230744327493108, -0.46329230744327493108, -0.19083927903874287058, 0.25, 0.69083927903874287058, 0.96329258368585624073, 0.96329258368585624073, 0.69083927903874287058, 0.25, -0.19083927903874609022, -0.46329261348789335662, -0.46329261348789435582, -0.19083927903874287058, 0.25, 0.69083927903874287058, 0.96329258368585624073, 0.9632925836858551305, 0.69083927903874287058, 0.25, -0.19083927903874609022, -0.46329261348789335662, -0.46329261348789435582, -0.19083927903874609022, 0.25, 0.69083927903874287058, 0.96329258368585624073, 0.96329258368585624073, 0.69083927903874287058, 0.25, -0.19083927903874609022, -0.46329261348789435582, -0.46329261348789335662, -0.19083927903874609022, 0.25, 0.69083927903874287058, 0.9632925836858551305, 0.96329258368585624073, 0.69083927903874287058, 0.25, -0.19083927903874287058, -0.46329261348789435582, -0.46329261348789335662, -0.19083927903874287058, 0.25, 0.69083741623187666647, 0.96329258368052950168, 0.9632925836805316111, 0.69083741623186956105, 0.25, -0.19083741623201166959, -0.46329261348256767228, -0.46329261348256767228, -0.19083741623201166959, 0.25, 0.69083741623186956105, 0.9632925836805316111, 0.96329258368052950168, 0.69083741623187666647, 0.25, -0.19083741623201166959, -0.46329261348256767228, -0.46329261348256767228, -0.19083741623201166959, 0.25]
unitTests.x[3]=[10550000., 10549999.25597818382084369659, 10549998.51195581443607807159, 10549994.04782766662538051605, 10549997.02391384728252887726, 10550000., 10549988.09567307308316230774, 10550005.95216382667422294617, 10549994.04783656448125839233, 10550011.90432754158973693848, 10550000., 10549988.09563765116035938263, 10549976.19141709990799427032, 10550023.80858423933386802673, 10550011.90436313115060329437, 10550000., 10549988.09563765116035938263, 10549976.19141721166670322418, 10550023.80858412943780422211, 10550011.90436301939189434052, 10550000., 10550047.61745230108499526978, 10549976.19127530232071876526, 10550023.80872626043856143951, 10549952.3825503811240196228, 10550000., 10550047.61745230108499526978, 10549976.19127530232071876526, 10550023.80872626043856143951, 10549952.3825503811240196228, 10550000., 10550047.61745230108499526978, 10549976.19127530232071876526, 10550023.80872626043856143951, 10549952.38255060277879238129, 10550000., 10550047.61745207943022251129, 10549976.19127530232071876526, 10550023.80872603878378868103, 10549952.38255060277879238129, 10550000., 10550047.61745207943022251129, 10550095.23490460216999053955, 10549904.76510076224803924561, 10549952.38255060277879238129, 10550000., 10550047.61745252273976802826, 10550095.23490415886044502258, 10549904.76510076224803924561, 10549952.38255060277879238129, 10550000., 10550047.61745207943022251129, 10550095.23490460216999053955, 10549904.76510120555758476257, 10549952.38255060277879238129, 10550000., 10550047.61745252273976802826, 10550095.23490415886044502258, 10549904.76510076224803924561, 10549952.38255015946924686432, 10550000., 10550047.61745207943022251129, 10550095.23490460216999053955, 10549904.76510076224803924561, 10549952.38255060277879238129, 10550000., 10550047.61745252273976802826, 10550095.23490460216999053955, 10549904.76510120555758476257, 10549952.38255015946924686432, 10550000., 10550047.61745207943022251129, 10550095.23490415886044502258, 10549904.76510076224803924561, 10549952.38255060277879238129, 10550000., 10550047.61745207943022251129, 10550095.23490460216999053955, 10549904.76510120555758476257, 10549952.38255060277879238129, 10550000., 10549809.53474346175789833069, 10550095.23263363353908061981, 10549904.76737084425985813141, 10550190.46526815369725227356, 10550000., 10549809.53474257513880729675, 10550095.23263363353908061981, 10549904.76737173087894916534, 10550190.46526815369725227356, 10550000., 10549809.53474257513880729675, 10550095.23263452015817165375, 10549904.76737173087894916534, 10550190.46526726707816123962, 10550000., 10549809.53474257513880729675, 10550095.23263363353908061981, 10549904.76737173087894916534, 10550190.46526815369725227356, 10550000.]
unitTests.x[4]=[1153927.5, 165835.12108158186310902238, 14481.55403262524851015769, 14701.92126961881876923144, 209055.27974604524206370115, 1479863.5, 8851487.94292330555617809296, 14199052.08673557639122009277, 14472398.43764617294073104858, 9286722.2680910453200340271, 1773581., 328139.3235234027961269021, 22791.35037556108727585524, 24169.20696420443709939718, 369683.23409973952220752835, 2051761.625, 9839286.47061130031943321228, 15960853.21173713356256484985, 16061763.44161824136972427368, 9971126.62139633111655712128, 2379119.5, 420725.82367126102326437831, 27835.79666671340237371624, 27950.50517801884780055843, 428225.32326997356722131371, 2629128.5, 10040418.1822175048291683197, 16363203.32992855086922645569, 16329669.97401100210845470428, 10012871.08365167863667011261, 2379119.5, 410770.61541705293348059058, 26867.17133564656251110137, 26500.8046854372150846757, 388885.44729618169367313385, 2051761.625, 9707454.57091659121215343475, 15425646.84172552637755870819, 15260890.98887905105948448181, 9479631.48397566378116607666, 1773581., 295205.15461553045315667987, 17768.64391461129707749933, 16564.00759322915837401524, 242000.49905757504166103899, 1479863.5, 8411081.85184879787266254425, 13288860.42410447448492050171, 13061011.0326158478856086731, 7821810.27105340734124183655, 1153927.5, 139616.59919068112503737211, 13837.74893055650682072155, 12825.62790038376260781661, 97316.76922057922638487071, 1226133.25, 6550743.70835527684539556503, 10064436.47221253998577594757, 9633296.4365783296525478363, 6028876.00248451996594667435, 1759038.75, 49825.86505672508792486042, 30254.26785824124453938566, 41737.01848254229116719216, 259460.63658774993382394314, 2692401., 4921764.76392772607505321503, 5938910.32269504759460687637, 5857212.34439338836818933487, 4843511.99323373846709728241, 2835701., 1000182.32544466620311141014, 147389.86894195998320356011, 102200.88510724320076406002, 481329.59388575493358075619, 1198595., 3833370.15862067416310310364, 4620599.36842140182852745056, 5076527.57708546798676252365, 4728497.8504970744252204895, 2835701., 1171323.37492370163090527058, 161880.19431817371514625847, 139363.27190401457482948899, 806666.19699002266861498356, 2692401., 5130923.34066373668611049652, 7701546.18824167270213365555, 8144351.19367214478552341461, 5825435.04032034799456596375, 1759038.75, 52794.85566261291387490928, 19655.63891505312858498655, 17689.18171078970772214234, 75699.67378482807544060051, 1226133.25, 6861779.84406830836087465286, 11577139.99864609725773334503, 11885753.84154055267572402954, 7476003.99894135072827339172, 1153927.5]
