last-generated=2018-12-20
statistics-simulation=
{
  "numerical Jacobians": "0", 
  "nonlinear": " ", 
  "linear": " "
}
unitTests.x[1]=[15.93972301483154296875, 15.93972301483154296875, 15.93972301483154296875, 15.93972301483154296875, 15.93972301483154296875, 15.93972301483154296875, 15.93972301483154296875, 15.93972301483154296875, 15.93972301483154296875, 15.93972301483154296875, 15.93972301483154296875, 15.93972301483154296875, 15.93972301483154296875, 15.93972301483154296875, 15.93972301483154296875, 15.93972301483154296875, 15.93972301483154296875, 15.93972301483154296875, 15.93972301483154296875, 15.93972301483154296875, 15.93972301483154296875, 15.93972301483154296875, 15.93972301483154296875, 15.93972301483154296875, 15.93972301483154296875, 15.93972301483154296875, 15.93972301483154296875, 15.93972301483154296875, 15.93972301483154296875, 16.03619607643102540351, 16.42014839324021124867, 16.80110350137211128185, 17.17918613654219228692, 17.55451534785615308465, 17.92720209181702273327, 18.29734633485714567769, 18.66504616726266974069, 19.03039151934752837292, 19.3934652146041273113, 19.75434545458561430564, 20.11310556058149501268, 20.46981633502602093699, 20.82454537024610985441, 21.17735074612033940866, 21.52829560037736200684, 21.87743228445158294448, 22.22481507935289712918, 22.57049373920872881172, 22.91451681702249487671, 23.25692716429032458336, 23.5977725982666015625, 23.93709024277267616299, 24.27492015256215296404, 24.61129856736818766194, 24.94626354942270651804, 25.27984960909306266785, 25.61209098536472339447, 25.94301438103693868698, 26.27265603591993681221, 26.60103883839293104074, 26.92819326718790406971, 27.25414801768207695432, 27.57892783913110079652, 27.90255752703991021235, 28.22505996966031815987, 28.54645996268824958975, 28.86677467376204475613, 29.18603271680140665012, 29.50425125279637583731, 29.82145126261827172698, 30.13765181969892736902, 30.45287009040788106518, 30.7671232780419003916, 31.0804322949908140572, 31.39281433867612491895, 31.7042827606201171875, 32.01485472682406907552, 32.32454740363484546606, 32.63337032790476399668, 32.94134455473912481693, 33.24847757006664750179, 33.55479042387466392938, 33.86029456019326744354, 34.16499760854689782263, 34.46891482782228877113, 34.77205967225148697253, 35.07444338500867075936, 35.37607941563753399805, 35.67697539351441804456, 35.97714657745566313451, 36.27659678227676920415, 36.57534330295909086317, 36.87339351549348975823, 37.17075708121042509902, 37.4674454441719717579, 37.76346241905088163548, 38.05882326476532284687, 38.35353385605383635948, 38.64760533561132405111, 38.94104357416763662059, 39.233860015869140625]
time=[0., 1.]
unitTests.x[2]=[46.372386932373046875, 46.372386932373046875, 46.372386932373046875, 46.372386932373046875, 46.372386932373046875, 46.372386932373046875, 46.372386932373046875, 46.372386932373046875, 46.372386932373046875, 46.372386932373046875, 46.372386932373046875, 46.372386932373046875, 46.372386932373046875, 46.372386932373046875, 46.372386932373046875, 46.372386932373046875, 46.372386932373046875, 46.372386932373046875, 46.372386932373046875, 46.372386932373046875, 46.372386932373046875, 46.372386932373046875, 46.372386932373046875, 46.372386932373046875, 46.372386932373046875, 46.372386932373046875, 46.372386932373046875, 46.372386932373046875, 46.372386932373046875, 46.372386932373046875, 46.372386932373046875, 46.372386932373046875, 46.372386932373046875, 46.372386932373046875, 46.372386932373046875, 46.372386932373046875, 46.372386932373046875, 46.372386932373046875, 46.372386932373046875, 46.372386932373046875, 46.372386932373046875, 46.372386932373046875, 46.372386932373046875, 46.372386932373046875, 46.372386932373046875, 46.372386932373046875, 46.3995970765465273189, 47.15776079374619200735, 48.90419226282128306593, 51.04124240348818375423, 53.303180694580078125, 55.64287030805083134055, 58.00973184883937960876, 60.10220036177449998149, 61.19103502738587962995, 61.46608705157122187757, 61.70833581883852048122, 61.9492494393196508895, 62.18884698673225841503, 62.4271589786789320442, 62.66419926513344762498, 62.89998974520700869562, 63.13455951972726154509, 63.36792003280419294242, 63.6000941726759592143, 63.83110101296531979642, 64.06095826064775167197, 64.28968772932520892027, 64.51729567492387218408, 64.74382024428156512386, 64.96926143741167436474, 65.19364214266630597194, 65.41696866162590140448, 65.63927417393267660373, 65.86056497491146899392, 66.0808563232421875, 66.30016347764114925667, 66.51850169704290749451, 66.73587861106030061364, 66.95231582056351271603, 67.16783116442528012158, 67.38242334980103009912, 67.59611526476979292966, 67.80892216818884321583, 68.0208440602961559307, 68.23190257377549983175, 68.44210785411414121882, 68.65147389936269917143, 68.86000833895209893853, 69.06772643167140302012, 69.27462817766613056847, 69.48073523907810056244, 69.68605770230567486578, 69.89060196573583993995, 70.0943756588282553821, 70.29739404029487559455, 70.49966473972557423622, 70.70119418748319617407, 70.90200004482824169827, 71.10208110831040073663, 71.30145263671875]
