last-generated=2017-10-26
statistics-initialization=
{
  "numerical Jacobians": "1", 
  "nonlinear": "20", 
  "linear": "10"
}
statistics-simulation=
{
  "numerical Jacobians": "0", 
  "nonlinear": " ", 
  "number of continuous time states": "30", 
  "linear": " "
}
unitTests.x[1]=[1.44444441795349121094, 1.44444441795349121094]
time=[0., 1.]
unitTests.x[2]=[0.9005413055419921875, 0.9005413055419921875, 0.9005413055419921875, 0.9005413055419921875, 0.9005413055419921875, 0.9005413055419921875, 0.9005413055419921875, 0.9005413055419921875, 0.9005413055419921875, 0.9005413055419921875, 0.9005413055419921875, 0.9005413055419921875, 0.9005413055419921875, 0.9005413055419921875, 0.9005413055419921875, 0.9005413055419921875, 0.9005413055419921875, 0.9005413055419921875, 0.9005413055419921875, 0.9005413055419921875, 0.9005413055419921875, 0.9005413055419921875, 0.9005413055419921875, 0.9005413055419921875, 0.9005413055419921875, 0.9005413055419921875, 0.9005413055419921875, 0.9005413055419921875, 0.9005413055419921875, 0.9005413055419921875, 0.9005413055419921875, 0.9005413055419921875, 0.9005413055419921875, 0.9005413055419921875, 0.9005413055419921875, 0.9005413055419921875, 0.9005413055419921875, 0.9005413055419921875, 0.9005413055419921875, 0.9005413055419921875, 0.9005413055419921875, 0.9005413055419921875, 0.9005413055419921875, 0.9005413055419921875, 0.9005413055419921875, 0.9005413055419921875, 0.9005413055419921875, 0.9005413055419921875, 0.9005413055419921875, 0.9005413055419921875, 0.9005413055419921875, 0.9005413055419921875, 0.9005413055419921875, 0.9005413055419921875, 0.9005413055419921875, 0.9005413055419921875, 0.9005413055419921875, 0.9005413055419921875, 0.9005413055419921875, 0.9005413055419921875, 0.9005413055419921875, 0.9005413055419921875, 0.9005413055419921875, 0.9005413055419921875, 0.9005413055419921875, 0.9005413055419921875, 0.9005413055419921875, 0.9005413055419921875, 0.9005413055419921875, 0.9005413055419921875, 0.9005413055419921875, 0.9005413055419921875, 0.9005413055419921875, 0.9005413055419921875, 0.9005413055419921875, 0.9005413055419921875, 0.9005413055419921875, 0.9005413055419921875, 0.9005413055419921875, 0.9005413055419921875, 0.9005413055419921875, 0.9005413055419921875, 0.9005413055419921875, 0.9005413055419921875, 0.9005413055419921875, 0.9005413055419921875, 0.9005413055419921875, 0.9005413055419921875, 0.9005413055419921875, 0.9005413055419921875, 0.9005413055419921875, 0.9005413055419921875, 0.9005413055419921875, 0.9005413055419921875, 0.9005413055419921875, 0.9005413055419921875, 0.9005413055419921875, 0.9005413055419921875, 0.9005413055419921875, 0.9005413055419921875, 0.9005413055419921875]
