last-generated=2017-10-26
statistics-initialization=
{
  "linear": "22"
}
statistics-simulation=
{
  "numerical Jacobians": "0", 
  "nonlinear": " ", 
  "number of continuous time states": "20", 
  "linear": "0, 0"
}
unitTests.x[1]=[790.7608642578125, 790.7608642578125, 790.7608642578125, 790.7608642578125, 790.7608642578125, 790.7608642578125, 790.7608642578125, 790.7608642578125, 790.7608642578125, 790.7608642578125, 790.7608642578125, 790.7608642578125, 790.7608642578125, 790.7608642578125, 790.7608642578125, 790.7608642578125, 790.7608642578125, 790.7608642578125, 790.7608642578125, 790.7608642578125, 790.7608642578125, 790.7608642578125, 790.7608642578125, 790.7608642578125, 790.7608642578125, 790.7608642578125, 790.7608642578125, 790.7608642578125, 790.7608642578125, 790.7608642578125, 790.7608642578125, 790.7608642578125, 790.7608642578125, 790.7608642578125, 790.7608642578125, 790.7608642578125, 790.7608642578125, 790.7608642578125, 790.7608642578125, 790.7608642578125, 790.7608642578125, 790.7608642578125, 790.7608642578125, 790.7608642578125, 790.7608642578125, 790.7608642578125, 790.7608642578125, 790.7608642578125, 790.7608642578125, 790.7608642578125, 790.7608642578125, 790.7608642578125, 790.7608642578125, 790.7608642578125, 790.7608642578125, 790.7608642578125, 790.7608642578125, 790.7608642578125, 790.7608642578125, 790.7608642578125, 790.7608642578125, 790.7608642578125, 790.7608642578125, 790.7608642578125, 790.7608642578125, 790.7608642578125, 790.7608642578125, 790.7608642578125, 790.7608642578125, 790.7608642578125, 790.7608642578125, 790.7608642578125, 790.7608642578125, 790.7608642578125, 790.7608642578125, 790.7608642578125, 790.7608642578125, 790.7608642578125, 790.7608642578125, 790.7608642578125, 790.7608642578125, 790.7608642578125, 790.7608642578125, 790.7608642578125, 790.7608642578125, 790.7608642578125, 790.7608642578125, 790.7608642578125, 790.7608642578125, 790.7608642578125, 790.7608642578125, 790.7608642578125, 790.7608642578125, 790.7608642578125, 790.7608642578125, 790.7608642578125, 790.7608642578125, 790.7608642578125, 790.7608642578125, 790.7608642578125, 790.7608642578125]
time=[0., 1.]
unitTests.x[2]=[926.72235107421875, 926.72235107421875, 926.72235107421875, 926.72235107421875, 926.72235107421875, 926.72235107421875, 926.72235107421875, 926.72235107421875, 926.72235107421875, 926.72235107421875, 926.72235107421875, 926.72235107421875, 926.72235107421875, 926.72235107421875, 926.72235107421875, 926.72235107421875, 926.72235107421875, 926.72235107421875, 926.72235107421875, 926.72235107421875, 926.72235107421875, 926.72235107421875, 926.72235107421875, 926.72235107421875, 926.72235107421875, 926.72235107421875, 926.72235107421875, 926.72235107421875, 926.72235107421875, 926.72235107421875, 926.72235107421875, 926.72235107421875, 926.72235107421875, 926.72235107421875, 926.72235107421875, 926.72235107421875, 926.72235107421875, 926.72235107421875, 926.72235107421875, 926.72235107421875, 926.72235107421875, 926.72235107421875, 926.72235107421875, 926.72235107421875, 926.72235107421875, 926.72235107421875, 926.72235107421875, 926.72235107421875, 926.72235107421875, 926.72235107421875, 926.72235107421875, 926.72235107421875, 926.72235107421875, 926.72235107421875, 926.72235107421875, 926.72235107421875, 926.72235107421875, 926.72235107421875, 926.72235107421875, 926.72235107421875, 926.72235107421875, 926.72235107421875, 926.72235107421875, 926.72235107421875, 926.72235107421875, 926.72235107421875, 926.72235107421875, 926.72235107421875, 926.72235107421875, 926.72235107421875, 926.72235107421875, 926.72235107421875, 926.72235107421875, 926.72235107421875, 926.72235107421875, 926.72235107421875, 926.72235107421875, 926.72235107421875, 926.72235107421875, 926.72235107421875, 926.72235107421875, 926.72235107421875, 926.72235107421875, 926.72235107421875, 926.72235107421875, 926.72235107421875, 926.72235107421875, 926.72235107421875, 926.72235107421875, 926.72235107421875, 926.72235107421875, 926.72235107421875, 926.72235107421875, 926.72235107421875, 926.72235107421875, 926.72235107421875, 926.72235107421875, 926.72235107421875, 926.72235107421875, 926.72235107421875, 926.72235107421875]
unitTests.x[3]=[732.79571533203125, 732.79571533203125, 732.79571533203125, 732.79571533203125, 732.79571533203125, 732.79571533203125, 732.79571533203125, 732.79571533203125, 732.79571533203125, 732.79571533203125, 732.79571533203125, 732.79571533203125, 732.79571533203125, 732.79571533203125, 732.79571533203125, 732.79571533203125, 732.79571533203125, 732.79571533203125, 732.79571533203125, 732.79571533203125, 732.79571533203125, 732.79571533203125, 732.79571533203125, 732.79571533203125, 732.79571533203125, 732.79571533203125, 732.79571533203125, 732.79571533203125, 732.79571533203125, 732.79571533203125, 732.79571533203125, 732.79571533203125, 732.79571533203125, 732.79571533203125, 732.79571533203125, 732.79571533203125, 732.79571533203125, 732.79571533203125, 732.79571533203125, 732.79571533203125, 732.79571533203125, 732.79571533203125, 732.79571533203125, 732.79571533203125, 732.79571533203125, 732.79571533203125, 732.79571533203125, 732.79571533203125, 732.79571533203125, 732.79571533203125, 732.79571533203125, 732.79571533203125, 732.79571533203125, 732.79571533203125, 732.79571533203125, 732.79571533203125, 732.79571533203125, 732.79571533203125, 732.79571533203125, 732.79571533203125, 732.79571533203125, 732.79571533203125, 732.79571533203125, 732.79571533203125, 732.79571533203125, 732.79571533203125, 732.79571533203125, 732.79571533203125, 732.79571533203125, 732.79571533203125, 732.79571533203125, 732.79571533203125, 732.79571533203125, 732.79571533203125, 732.79571533203125, 732.79571533203125, 732.79571533203125, 732.79571533203125, 732.79571533203125, 732.79571533203125, 732.79571533203125, 732.79571533203125, 732.79571533203125, 732.79571533203125, 732.79571533203125, 732.79571533203125, 732.79571533203125, 732.79571533203125, 732.79571533203125, 732.79571533203125, 732.79571533203125, 732.79571533203125, 732.79571533203125, 732.79571533203125, 732.79571533203125, 732.79571533203125, 732.79571533203125, 732.79571533203125, 732.79571533203125, 732.79571533203125, 732.79571533203125]
