last-generated=2017-10-26
statistics-simulation=
{
  "numerical Jacobians": "0", 
  "nonlinear": " ", 
  "number of continuous time states": "600", 
  "linear": " "
}
unitTests.x[1]=[0., 0.34091198444366455078, 0.46681097149848937988, 0.53586596250534057617, 0.58116233348846435547, 0.61398792266845703125, 0.63913774490356445312, 0.65922439098358154297, 0.67580974102020263672, 0.68979692459106445312, 0.70178878307342529297, 0.71224987506866455078, 0.72152107954025268555, 0.72984135150909423828, 0.73738592863082885742, 0.74429565668106079102, 0.75066608190536499023, 0.75659185647964477539, 0.76215344667434692383, 0.76742625236511230469, 0.77243715524673461914, 0.77722722291946411133, 0.78181719779968261719, 0.78622722625732421875, 0.79048055410385131836, 0.79459291696548461914, 0.79858493804931640625, 0.80246561765670776367, 0.80624651908874511719, 0.80993413925170898438, 0.81353175640106201172, 0.81704723834991455078, 0.82048505544662475586, 0.82385194301605224609, 0.82715082168579101562, 0.83037698268890380859, 0.83353471755981445312, 0.83662402629852294922, 0.83965152502059936523, 0.84262114763259887695, 0.84553349018096923828, 0.84839093685150146484, 0.85119289159774780273, 0.85394245386123657227, 0.8566417694091796875, 0.85929197072982788086, 0.86188971996307373047, 0.86443871259689331055, 0.86693990230560302734, 0.8693943023681640625, 0.87180310487747192383, 0.87416732311248779297, 0.87648797035217285156, 0.87876540422439575195, 0.88100057840347290039, 0.88319480419158935547, 0.88534915447235107422, 0.8874645233154296875, 0.88954198360443115234, 0.891582489013671875, 0.89358627796173095703, 0.895549774169921875, 0.89747714996337890625, 0.89936906099319458008, 0.90122628211975097656, 0.90304958820343017578, 0.90483963489532470703, 0.90659725666046142578, 0.90832161903381347656, 0.91001337766647338867, 0.91167390346527099609, 0.91330385208129882812, 0.91490370035171508789, 0.91647428274154663086, 0.91801607608795166016, 0.91952955722808837891, 0.9210141301155090332, 0.92247116565704345703, 0.92390137910842895508, 0.92530524730682373047, 0.92668330669403076172, 0.92803621292114257812, 0.92936444282531738281, 0.93066793680191040039, 0.93194717168807983398, 0.93320286273956298828, 0.93443542718887329102, 0.9356454014778137207, 0.93683314323425292969, 0.9379990696907043457, 0.93914365768432617188, 0.94026708602905273438, 0.94136977195739746094, 0.94245225191116333008, 0.94351470470428466797, 0.94455766677856445312, 0.94558137655258178711, 0.94658613204956054688, 0.94757235050201416016, 0.9485403895378112793, 0.94949048757553100586]
time=[0., 100.]
