last-generated=2018-12-20
statistics-simulation=
{
  "numerical Jacobians": "0", 
  "nonlinear": " ", 
  "linear": " "
}
unitTests.x[1]=[4947.1806640625, 5316.10401199123862170381, 5673.01124610077840770828, 6017.8559796667841510498, 6350.52834939638978539733, 6670.85544525539080495946, 6978.61820431167234346503, 7273.57421011407859623432, 7555.47856461450555798365, 7824.10439803621738974471, 8079.26168153719027031912, 15976.17048618912303936668, 1725.96971316870872215077, 650.56693400236679281079, 355.06821830266204642612, 231.70151586102434748682, 167.88459684421655992992, 130.20287114714628273759, 105.84640457217668085832, 89.02932411971350745716, 76.81937730818144416389, 62.86231017493199857427, 43.63663674899381561545, 29.86300962285177718059, 20.44127087254335606303, 15.18958377838134765625, 13.8950964235398632951, 13.55137954649500109383, 13.26173308744778545076, 13.01441650636131264207, 12.80140328513513559017, 12.61650089619243431116, 12.45487011711769653743, 12.31267946805608559657, 12.1868629884346812986, 12.07494443386873506086, 11.97490419727882482448, 11.885079424900057532, 11.80409237088777452129, 11.73079290038069366631, 11.6642141724206922504, 11.60353849263815106951, 11.54807083860603533765, 11.49721721349094138986, 11.45046614539776186348, 11.40737528673990652806, 11.36756423354932188374, 11.3306970554317647526, 11.29648491208395455487, 11.26467040149048770559, 11.2350292205810546875, 11.20736119598447722012, 11.1814908507120733816, 11.15726178176668348385, 11.13453297601323832566, 11.11317923168261323497, 11.09309006204791003825, 11.07416342382043161763, 11.05630776387969049779, 11.03944392695829890272, 11.02349475765668884719, 11.00839521614589777698, 10.99408341122114052268, 10.98050307599998376418, 10.96760461925426355378, 10.95534131073557304603, 10.9436712565142819642, 10.93255426319493572862, 10.92195606975529820204, 10.91184329752146986436, 10.90218638253414518147, 10.89295576075288352058, 10.88412764169746793641, 10.8756771246077779125, 10.86758328243091398235, 10.85982418060302734375, 10.85238169931665552781, 10.84523867231132321365, 10.83837888708272423344, 10.83178521595163168456, 10.82544518261157584504, 10.81934547567563598136, 10.81347274369643507441, 10.80781649620091400266, 10.80236528905857973371, 10.79710866256506918148, 10.86842292272016052834, 11.35010504649467399929, 11.87512328395010818838, 12.4313677379180145266, 13.01145599402182106985, 13.61069329580012521319, 14.22597972205726080119, 14.85516884255270930737, 15.4967214223015030683, 16.14948732742448100907, 16.81257391462466443954, 17.48525426000561822093, 18.16693556759521044341, 18.85709505708319611017, 19.5552692413330078125]
time=[0., 1.]
unitTests.x[2]=[6130.1064453125, 6458.68555405358620191691, 6774.8505997338052111445, 7078.37209014926702366211, 7369.0044198146888447809, 7646.5058390949088789057, 7910.66165543499118939508, 8161.2944262865667042206, 5623.52116690385628317017, 1168.420079184450514731, 517.2681825112896376595, 303.38799298786642566483, 206.17048424022092945052, 153.27715758631600806439, 120.97553413524464360762, 99.58588739055873872985, 84.54600081721025617298, 73.45064722805092571889, 55.97549388647269097419, 38.47250794637098181283, 26.28575446103221935346, 18.19313255714328647628, 14.43497356325209857175, 13.7730781144380589609, 13.44953616670162510616, 13.1750316619873046875, 12.93993834034104750685, 12.73690911829729977001, 12.56024553385550923679, 12.40547835793201336685, 12.26905361391769133661, 12.14812090762205976091, 12.04036705442959842571, 11.94390118310273507518, 11.85716250533146975954, 11.77885623351173549622, 11.70789633023676579171, 11.64336970431616791188, 11.58450219356023680461, 11.53063385326155376731, 11.48120120035349422949, 11.43571565986647797786, 11.39375776766870984602, 11.35496332951169229375, 11.31901168003789059924, 11.28562541966728893783, 11.25455858842764733652, 11.22559642460522155716, 11.19854638173552530134, 11.17323973145261994944, 11.149524688720703125, 11.12726781707931955623, 11.10634799924875260047, 11.08665651608408708739, 11.0680961997893749782, 11.0505800451256792627, 11.03402901081658882276, 11.01837061751821345013, 11.00354001509317214413, 10.98947807552682753851, 10.97613051670707129404, 10.9634485422508713981, 10.95138741103427904022, 10.93990611498211329433, 10.9289655533382603636, 10.91853330100316377127, 10.90857508361934691266, 10.8990631259411738796, 10.88996983213258396006, 10.88127040661012934208, 10.87294100747629244097, 10.86496065377315112244, 10.85730936295803950031, 10.84996892398680223835, 10.84292126363095754016, 10.83615207672119140625, 10.82964419712890347114, 10.82338618066225244263, 10.81736372216556851811, 10.81156445775311247814, 10.80597687424108421794, 10.8005914700763856473, 10.79539870852256022715, 11.02313216995968936374, 11.52102416837916898373, 12.05750334476930696326, 12.62235273198693441543, 13.20925207394818912121, 13.81412916868707441154, 14.43425268416219431344, 15.06771049691639419166, 15.71311017301352386255, 16.36940655160152857661, 17.03576612219642427704, 17.71151177433084100699, 18.39607320977365390036, 19.08895260785187275587, 19.78970135558072485082, 20.49792154101418617529, 21.21323707765872867981, 21.935291290283203125]
unitTests.x[3]=[-298.781402587890625, -920.05049104646593605139, -1621.17398359776416327804, -2397.96343391259279087535, -3246.13923964636524033267, -4161.29778146220724011073, -5138.89027257202451437479, -6174.21334739729900320526, -7262.42451627843820460839, -8398.55915757620095973834, -9577.57111100271686154883, -19977.74508904327740310691, -2158.27647227889156056335, -813.51579631262029579375, -444.00300512253812712515, -289.73642625436826847363, -209.93516041531356108862, -162.815238259048328473, -132.35814228842244233419, -111.32886858802804397328, -96.06066534707451864961, -78.60773294995658488915, -54.56652595395987503935, -37.34295890361656944378, -25.56131272906226570285, -18.9942111968994140625, -17.37548974427499004491, -16.94568486151142039375, -16.5834923194842396299, -16.27423453628923510905, -16.00787001992087610347, -15.77665811031000409059, -15.57454572664282466121, -15.39674304242521962749, -15.23941712972714945806, -15.09947006066026808924, -14.97437494232337407141, -14.86205487615860398876, -14.76078601107801802073, -14.66913020166273362577, -14.5858784199634943235, -14.51000878626035195396, -14.44065180735259801281, -14.37706379516626142845, -14.31860540971095296925, -14.26472562391075982191, -14.21494583341169359869, -14.16884898614285859253, -14.12606997866814495524, -14.08629039635881596837, -14.049228668212890625, -14.01463410071263737677, -13.98228734763243075179, -13.95199195154468796432, -13.92357450707767618781, -13.89687541251707614265, -13.87175751317007055263, -13.84809397017129839469, -13.82577034211901256811, -13.80468458551671950829, -13.78474526286675860831, -13.76586630602697169934, -13.74797345042892970923, -13.73099517037612393722, -13.71486947683335166914, -13.69953819542630313322, -13.68494800504531738738, -13.67105009446806995754, -13.65780068373903866075, -13.64515876476817446417, -13.63308619052282644191, -13.62154767486886086658, -13.6105108571331783196, -13.5999479491816881449, -13.58982945437112377363, -13.58013057708740234375, -13.57082842914693365799, -13.56189916856447652549, -13.55332372177185362716, -13.54508306336349576782, -13.53715802169524629051, -13.52953434169423907463, -13.52219390355853256835, -13.51512430944486808926, -13.50831125418501521551, -13.50174142474016925064, -14.00682847378303641506, -17.2446292037020256771, -20.82388485928317933826, -24.7376176546153985214, -28.98370276735181860772, -33.56181244360774940105, -38.47254864992618905717, -43.71689983987619143591, -49.29617447398729979113, -55.21184506185111473542, -61.4654488831930407855, -68.05849820386930559835, -74.99255548345809074817, -82.26896723408897571517, -89.8889923095703125]
unitTests.x[4]=[-2672.971435546875, -3543.97121176900554928579, -4480.45414509305555839092, -5477.81989340735617588507, -6531.31699154106809146469, -7636.05899828317251376575, -8787.05093903275337652303, -9979.22164370360951579642, -7032.05294704731568344869, -1461.07633824110780551564, -646.8295366367349288339, -379.37834755453957313875, -257.81058606597042626163, -191.66896818398072355194, -151.27670488600003295687, -124.52954704856399814616, -105.72259730237087183014, -91.84816201747345587592, -69.99594436095948424281, -48.10891686802216327123, -32.86969384070907551632, -22.75007362697233403992, -18.05059032320984968578, -17.22291202185461500562, -16.81833438333450203572, -16.4750766754150390625, -16.18110249648140808176, -15.92722250903755210061, -15.70631315817292339432, -15.51278385472320131555, -15.34219188967865044049, -15.1909723625671393421, -15.05623236231867956292, -14.93560710790510448476, -14.82714656734735036991, -14.72922987210119849522, -14.64050019074350394988, -14.55981449018001328, -14.48620506776212479849, -14.41884794627476651385, -14.35703662618850096067, -14.3001622960032754861, -14.24769871828302392203, -14.19919017340582811926, -14.15423773694580944493, -14.11249156003132654291, -14.07364753058646300587, -14.03743362012597550859, -14.00361248346105469409, -13.9719705875522173244, -13.94231891632080078125, -13.91449067420715124399, -13.88833422619872592918, -13.86371415017426045324, -13.84050850963976131425, -13.81860926318179316752, -13.79791546350299391577, -13.77833841876190668074, -13.75979611261646695652, -13.74221511188610023169, -13.72552875600083588381, -13.70967390375388816892, -13.69459439028821101658, -13.68024062445749500228, -13.66656396872154211053, -13.65352150755194315934, -13.64107325896739375537, -13.62918188136644559449, -13.61781407201338112145, -13.6069393132697449289, -13.59652708751329974746, -13.58655164538721571432, -13.57698729344292587484, -13.56781102948450978829, -13.55900288454435731467, -13.550540924072265625, -13.54240702825167375067, -13.5345840308402980412, -13.52705667298086389394, -13.51980783087875792603, -13.51282502040939803578, -13.50609493413755579638, -13.49960326694152534799, -15.04733336137370436347, -18.40028742001446815379, -22.09144824766255865711, -26.11607719781540026815, -30.47282577063091935088, -35.16173786564524306186, -40.18355162896202870115, -45.53938855346989811324, -51.23059461542414538826, -57.25873300026748324854, -63.6253310426005498357, -70.33191082747660516361, -77.37993723555976544048, -84.77076062494649022483, -92.50553167574543067531, -100.58537250911805926989, -109.01107734291144879535, -117.78328704833984375]
