last-generated=2017-10-26
statistics-simulation=
{
  "numerical Jacobians": "0", 
  "nonlinear": " ", 
  "number of continuous time states": "1", 
  "linear": " "
}
unitTests.x[1]=[293.149993896484375, 293.472747802734375, 294.6561279296875, 297.076904296875, 301.22607421875, 307.744140625, 317.390960693359375, 331.059234619140625, 349.77288818359375, 374.685455322265625, 407.053558349609375, 448.166107177734375, 499.218719482421875, 561.11199951171875, 634.12762451171886368684, 717.4605712890625, 797.72113037109375, 862.09295654296886368684, 910.85931396484375, 945.93878173828125, 970.17059326171875, 986.428955078125, 997.12713623046875, 1004.061767578125, 1008.53350830078125, 1011.393798828125, 1013.210205078125, 1014.35693359375, 1015.0787353515625, 1015.53094482421875, 1015.81341552734375, 1015.9879150390625, 1016.08819580078125, 1016.1531982421875, 1016.20245361328125, 1016.23199462890625, 1016.2557373046875, 1016.272216796875, 1016.28363037109375, 1016.29046630859375, 1016.29638671875, 1016.30035400390625, 1016.30230712890625, 1016.30242919921875, 1016.30206298828125, 1016.3017578125, 1016.30145263671875, 1016.3011474609375, 1016.30078125, 1012.02569580078125, 993.9449462890625, 968.06903076171875, 938.51226806640625, 907.47442626953125, 876.2117919921875, 845.40179443359352262632, 815.51312255859352262632, 786.87475585937522737368, 759.67303466796897737368, 734.0301513671875, 710.01715087890625, 687.66595458984375, 666.96881103515625, 647.88916015625, 630.46002197265625, 614.7828369140625, 600.62921142578125, 587.76580810546863631316, 576.02246093749988631316, 565.23895263671875, 555.27764892578125, 546.03472900390625, 537.42584228515625, 529.382568359375, 521.84210205078125, 514.7550048828125, 508.077911376953125, 501.772125244140625, 495.804168701171875, 490.145599365234375, 484.769287109375, 479.65264892578125, 474.776275634765625, 470.124053955078125, 465.68292236328125, 461.4373779296875, 457.37164306640625, 453.472900390625, 449.733856201171875, 446.138519287109375, 442.68115234375, 439.353515625, 436.144195556640625, 433.051849365234375, 430.066162109375, 427.181488037109375, 424.3946533203125, 421.6981201171875, 419.089080810546875, 416.562713623046875, 414.11395263671875]
time=[0., 3000.]
