last-generated=2019-01-08
statistics-simulation=
{
  "numerical Jacobians": "0", 
  "nonlinear": " ", 
  "linear": " "
}
unitTests.x[1]=[-1., -1., -1., -1., -1., -1., -1., -1., -1., -1., -1., -1., -1., -1., -1., -1., -1., -1., -1., -1., -1., -1., -1., -1., -1., -1., -1., -1., -1., -1., -1., -1., -1., -1., -1., -1., -1., -1., -1., -1., -1., -0.99999344325345851381, -0.99576481848211206849, -0.96128861274972310369, -0.88013861044035879289, -0.76159417629241943359, -0.62094543129550239247, -0.46957508043988538393, -0.31394884023711772114, -0.15707334950610646329, 0., 0.15707334950610646329, 0.31394884023711772114, 0.46957508043988538393, 0.62094543129550372473, 0.76159417629241943359, 0.88013861044035968106, 0.9612886127497226596, 0.99576481848211206849, 0.99999344325345851381, 1., 1., 1., 1., 1., 1., 1., 1., 1., 1., 1., 1., 1., 1., 1., 1., 1., 1., 1., 1., 1., 1., 1., 1., 1., 1., 1., 1., 1., 1., 1., 1., 1., 1., 1., 1., 1., 1., 1., 1., 1.]
time=[0., 10.]
unitTests.x[2]=[0., 0., 0., 0., 0., 0., 0., 0., 0., 0., 0., 0., 0., 0., 0., 0., 0., 0., 0., 0., 0., 0., 0., 0., 0., 0., 0., 0., 0., 0., 0., 0., 0., 0., 0., 0., 0., 0., 0., 0., 0., 0.0008423013500039419, 0.13903816794245282829, 0.57863779621648503415, 1.02459417036941058399, 1.31938827037811279297, 1.47460135901926170376, 1.54231710075789218983, 1.56546101524256719983, 1.5704739077114011625, 1.57079637050628662109, 1.5704739077114011625, 1.56546101524256719983, 1.54231710075789218983, 1.47460135901926081559, 1.31938827037811279297, 1.02459417036940703127, 0.57863779621648936402, 0.13903816794245282829, 0.00084230135000412654, 0., 0., 0., 0., 0., 0., 0., 0., 0., 0., 0., 0., 0., 0., 0., 0., 0., 0., 0., 0., 0., 0., 0., 0., 0., 0., 0., 0., 0., 0., 0., 0., 0., 0., 0., 0., 0., 0., 0., 0., 0.]
