last-generated=2018-12-20
statistics-simulation=
{
  "numerical Jacobians": "0", 
  "nonlinear": " ", 
  "linear": " "
}
unitTests.x[1]=[462.44482421875, 470.05349747520517666999, 476.97799711809233258464, 483.25402871597634657519, 488.91186570812163836308, 493.97787439561994915493, 498.47546442588543413876, 502.42575062107681560519, 505.84799250005085013981, 508.75994776060377944304, 18.71089972681050994652, 18.9353961944580078125, 18.935398101806640625, 18.9354000091552734375, 18.9354000091552734375, 18.93540191650390625, 18.93540191650731685513, 18.9354038238525390625, 18.93540573119435066474, 18.935405731201171875, 18.9354076385498046875, 18.93540763855605746357, 18.9354095458984375, 18.9354114532470703125, 18.9354114532470703125, 18.935413360595703125, 18.9354152679443359375, 18.9354152679443359375, 18.93541717529296875, 18.93541717529296875, 18.9354190826416015625, 18.93542098998796063825, 18.935420989990234375, 18.9354228973388671875, 18.9354228973388671875, 18.9354248046875, 18.93542671202249039197, 18.9354267120361328125, 18.935428619384765625, 18.93542861939840804553, 18.9354305267333984375, 18.93543243408203125, 18.93543243408203125, 18.9354343414306640625, 18.935436248779296875, 18.935436248779296875, 18.9354381561279296875, 18.9354381561279296875, 18.9354400634765625, 18.93544197081610036548, 18.9354419708251953125, 18.935443878173828125, 18.93544387819201801904, 18.9354457855224609375, 18.93544769287109375, 18.93544769287109375, 18.9354496002197265625, 18.93544960022654777276, 18.935451507568359375, 18.9354534149169921875, 18.9354534149169921875, 18.935455322265625, 18.93545722960971033899, 18.9354572296142578125, 18.935459136962890625, 18.935459136962890625, 18.9354610443115234375, 18.93546295164424009272, 18.93546295166015625, 18.9354648590087890625, 18.93546485902015774627, 18.935466766357421875, 18.9354686737060546875, 18.9354686737060546875, 18.9354705810546875, 18.9354705810546875, 18.9354724884033203125, 18.935474395751953125, 18.935474395751953125, 18.9354763031005859375, 18.93547821043785006623, 18.93547821044921875, 18.9354801177978515625, 18.9354801177978515625, 18.935482025146484375, 18.93548393247237981996, 19.07090662416433346493, 19.92693477285126846255, 20.85148475495544317937, 21.82621717376095205054, 22.83989389801821445758, 23.88528546704181820814, 24.95755015023279810293, 26.05327527205391291432, 27.16998508654824107111, 28.30579703636663424504, 29.4592271973870367674, 30.62906500967858391959, 31.81430398720320695816, 33.0140521952356635893, 34.2275238037109375]
time=[0., 1.]
unitTests.x[2]=[485.207275390625, 490.66506969415604544338, 495.53915425541293870992, 499.85205104848427026809, 503.62426788712576808393, 506.87448097425300375107, 509.62008699848587411907, 18.83868788523049531136, 18.935398101806640625, 18.935398101806640625, 18.9354000091552734375, 18.9354000091552734375, 18.93540191650390625, 18.9354038238525390625, 18.9354038238525390625, 18.935405731201171875, 18.93540573120458248013, 18.9354076385498046875, 18.9354095458984375, 18.9354095458984375, 18.9354114532470703125, 18.93541145325332308857, 18.935413360595703125, 18.9354152679443359375, 18.9354152679443359375, 18.93541717529296875, 18.9354190826416015625, 18.9354190826416015625, 18.935420989990234375, 18.935420989990234375, 18.9354228973388671875, 18.93542480468522626325, 18.9354248046875, 18.9354267120361328125, 18.9354267120361328125, 18.935428619384765625, 18.9354305267333984375, 18.9354305267333984375, 18.93543243408203125, 18.93543243409567367053, 18.9354343414306640625, 18.935436248779296875, 18.935436248779296875, 18.9354381561279296875, 18.9354400634765625, 18.9354400634765625, 18.9354419708251953125, 18.93544197082633218088, 18.935443878173828125, 18.93544578551336599048, 18.9354457855224609375, 18.93544769287109375, 18.93544769288928364404, 18.9354496002197265625, 18.935451507568359375, 18.935451507568359375, 18.9354534149169921875, 18.93545341492381339776, 18.935455322265625, 18.9354572296142578125, 18.9354572296142578125, 18.935459136962890625, 18.93546104430697596399, 18.9354610443115234375, 18.93546295166015625, 18.93546295168289361754, 18.9354648590087890625, 18.93546676634150571772, 18.935466766357421875, 18.9354686737060546875, 18.93546867371742337127, 18.9354705810546875, 18.9354724884033203125, 18.9354724884033203125, 18.935474395751953125, 18.9354763031005859375, 18.9354763031005859375, 18.93547821044921875, 18.93547821044921875, 18.9354801177978515625, 18.93548202513511569123, 18.935482025146484375, 18.9354839324951171875, 19.34706448611863294218, 20.22860768679267806647, 21.17147978986007572644, 22.16019868218221944289, 23.18510959735631971057, 24.23991635833271729439, 25.32032550954669503085, 26.42328719002535208915, 27.5465420627449084634, 28.68837546295225493509, 29.84740173893717241071, 31.02248410803985123607, 32.21265172818257127574, 33.41705963926012401544, 34.63493760179801483901, 35.86560585861649030903, 37.10840869190191426696, 38.362743377685546875]
