last-generated=2018-06-04
statistics-simulation=
{
  "numerical Jacobians": "0", 
  "nonlinear": " ", 
  "number of continuous time states": "60", 
  "linear": "2, 0, 2, 0, 2, 0, 2, 0, 2, 0, 2, 0, 0, 0, 0, 0, 0, 2, 0, 2, 0, 2, 0, 2, 0, 0, 0,   0, 0, 0"
}
unitTests.x[1]=[100088.890625, 100214.6796875, 100214.859375, 100214.9140625, 100214.8515625, 100214.75, 100214.640625, 100214.5546875, 100214.5078125, 100214.4765625, 100214.453125, 100214.4453125, 100214.4453125, 100214.453125, 100214.453125, 100214.453125, 100214.453125, 100214.453125, 100214.4453125, 100214.4453125, 100214.4453125, 100214.4453125, 100214.4453125, 100214.4453125, 100214.4453125, 100214.4453125, 100214.4453125, 100214.4453125, 100214.4453125, 100214.4453125, 100214.4453125, 100214.4453125, 100214.4453125, 100214.4453125, 100214.4453125, 100214.4453125, 100214.4453125, 100214.4453125, 100214.4453125, 100214.4453125, 100214.4453125, 100214.4453125, 100214.4453125, 100214.4453125, 100214.4453125, 100214.4453125, 100214.4453125, 100214.4453125, 100214.4453125, 100214.4453125, 100214.4453125, 100214.4453125, 100214.4453125, 100214.4453125, 100214.4453125, 100214.4453125, 100214.4453125, 100214.4453125, 100214.4453125, 100214.4453125, 100214.4453125, 100214.4453125, 100214.4453125, 100214.4453125, 100214.4453125, 100214.4453125, 100214.4453125, 100214.4453125, 100214.4453125, 100214.4453125, 100214.4453125, 100214.4453125, 100214.4453125, 100214.4453125, 100214.4453125, 100214.4453125, 100214.4453125, 100214.4453125, 100214.4453125, 100214.4453125, 100214.4453125, 100214.4453125, 100214.4453125, 100214.4453125, 100214.4453125, 100214.4453125, 100214.4453125, 100214.4453125, 100214.4453125, 100214.4453125, 100214.4453125, 100214.4453125, 100214.4453125, 100214.4453125, 100214.4453125, 100214.4453125, 100214.4453125, 100214.4453125, 100214.4453125, 100214.4453125, 100214.4453125]
time=[0., 1000.]
unitTests.x[2]=[100088.890625, 100000.2265625, 100000.2265625, 100000.2265625, 100000.2265625, 100000.2265625, 100000.2265625, 100000.2265625, 100000.2265625, 100000.2265625, 100000.2265625, 100000.2265625, 100000.2265625, 100000.2265625, 100000.2265625, 100000.2265625, 100000.2265625, 100000.2265625, 100000.2265625, 100000.2265625, 100000.2265625, 100000.2265625, 100000.2265625, 100000.2265625, 100000.2265625, 100000.2265625, 100000.2265625, 100000.2265625, 100000.2265625, 100000.2265625, 100000.2265625, 100000.2265625, 100000.2265625, 100000.2265625, 100000.2265625, 100000.2265625, 100000.2265625, 100000.2265625, 100000.2265625, 100000.2265625, 100000.2265625, 100000.2265625, 100000.2265625, 100000.2265625, 100000.2265625, 100000.2265625, 100000.2265625, 100000.2265625, 100000.2265625, 100000.2265625, 100000.2265625, 100000.2265625, 100000.2265625, 100000.2265625, 100000.2265625, 100000.2265625, 100000.2265625, 100000.2265625, 100000.2265625, 100000.2265625, 100000.2265625, 100000.2265625, 100000.2265625, 100000.2265625, 100000.2265625, 100000.2265625, 100000.2265625, 100000.2265625, 100000.2265625, 100000.2265625, 100000.2265625, 100000.2265625, 100000.2265625, 100000.2265625, 100000.2265625, 100000.2265625, 100000.2265625, 100000.2265625, 100000.2265625, 100000.2265625, 100000.2265625, 100000.2265625, 100000.2265625, 100000.2265625, 100000.2265625, 100000.2265625, 100000.2265625, 100000.2265625, 100000.2265625, 100000.2265625, 100000.2265625, 100000.2265625, 100000.2265625, 100000.2265625, 100000.2265625, 100000.2265625, 100000.2265625, 100000.2265625, 100000.2265625, 100000.2265625, 100000.2265625]
unitTests.x[3]=[102590.765625, 100163.3828125, 100320.09375, 100430.53125, 100457.359375, 100422.09375, 100355.2421875, 100288.328125, 100248.421875, 100221.2265625, 100204.8515625, 100197.3984375, 100196.9921875, 100201.6953125, 100200.6484375, 100199.78125, 100199.078125, 100198.5234375, 100198.1171875, 100197.8359375, 100197.6640625, 100197.59375, 100197.6171875, 100197.71875, 100197.8828125, 100198.09375, 100198.28125, 100198.234375, 100198.1875, 100198.15625, 100198.1171875, 100198.0859375, 100198.0625, 100198.0390625, 100198.015625, 100198., 100197.984375, 100197.9765625, 100197.96875, 100197.9609375, 100197.9609375, 100197.9609375, 100197.9609375, 100197.9609375, 100197.96875, 100197.9765625, 100197.984375, 100197.9921875, 100198., 100198.015625, 100198.03125, 100198.0390625, 100198.046875, 100198.0390625, 100198.0390625, 100198.03125, 100198.03125, 100198.03125, 100198.0234375, 100198.0234375, 100198.0234375, 100198.015625, 100198.015625, 100198.015625, 100198.015625, 100198.0078125, 100198.0078125, 100198.0078125, 100198.0078125, 100198.0078125, 100198.0078125, 100198., 100198., 100198., 100198., 100198., 100198., 100198., 100198., 100198., 100198., 100198., 100198., 100198., 100198., 100198., 100198., 100198., 100198., 100198., 100198., 100198., 100198., 100198., 100198., 100198., 100198.0078125, 100198.0078125, 100198.0078125, 100198.0078125, 100198.0078125]
unitTests.x[4]=[367649.65625, 365247.78125, 362140.90625, 361153.5, 360955.125, 360872.71875, 360847.9375, 360845.90625, 360835.3125, 360828.09375, 360823.6875, 360821.6875, 360821.53125, 360822.75, 360822.46875, 360822.21875, 360822., 360821.84375, 360821.71875, 360821.625, 360821.59375, 360821.5625, 360821.5625, 360821.59375, 360821.625, 360821.6875, 360821.75, 360821.75, 360821.71875, 360821.71875, 360821.71875, 360821.6875, 360821.6875, 360821.6875, 360821.6875, 360821.6875, 360821.65625, 360821.65625, 360821.65625, 360821.65625, 360821.65625, 360821.65625, 360821.65625, 360821.65625, 360821.65625, 360821.65625, 360821.65625, 360821.65625, 360821.65625, 360821.65625, 360821.6875, 360821.6875, 360821.6875, 360821.6875, 360821.6875, 360821.6875, 360821.6875, 360821.6875, 360821.6875, 360821.6875, 360821.6875, 360821.6875, 360821.6875, 360821.65625, 360821.65625, 360821.65625, 360821.65625, 360821.65625, 360821.65625, 360821.65625, 360821.65625, 360821.65625, 360821.65625, 360821.65625, 360821.65625, 360821.65625, 360821.65625, 360821.65625, 360821.65625, 360821.65625, 360821.65625, 360821.65625, 360821.65625, 360821.65625, 360821.65625, 360821.65625, 360821.65625, 360821.65625, 360821.65625, 360821.65625, 360821.65625, 360821.65625, 360821.65625, 360821.65625, 360821.65625, 360821.65625, 360821.65625, 360821.65625, 360821.65625, 360821.65625, 360821.65625]
