last-generated=2018-12-20
statistics-simulation=
{
  "numerical Jacobians": "0", 
  "nonlinear": " ", 
  "linear": " "
}
unitTests.x[1]=[0., 15.20537177139683926441, 22.42486294383225597926, 28.08465192303593127576, 32.94292372277278957426, 37.28144881914189312511, 41.24641132552319788829, 44.92554506580574980035, 48.37651033488155150053, 51.63967494535278746071, 54.74461388075317813673, 57.71379220855071423557, 60.56475632709821610433, 63.31153398735195025893, 65.96553396837217064785, 68.53621741525074639867, 71.03150166612819305101, 73.45812177583366064937, 75.82185765897742157904, 78.12769056294884251201, 80.37998872142685513609, 82.58259258809307823412, 84.7388754917373319131, 86.8518610498608012449, 88.92424522336116865517, 90.95845781487803094478, 92.95668339026943272074, 94.92091115315754734638, 96.85294568468695786123, 98.75443456445447054648, 100.62689820562341935783, 102.47172618056765713845, 104.29018945731414191869, 106.08347619070535472474, 107.85268056611091935793, 109.59882301126123138602, 111.32285400806081554492, 113.02565060976873212439, 114.70803932183812889889, 116.37079265184415532985, 118.01463720292700543268, 118.01463720292700543268, 116.37079073001699214274, 114.70803907254185105558, 113.0256528301944172199, 111.32285400806081554492, 109.59882301126123138602, 107.8526787834186109194, 106.08347539352206467811, 104.2901920980111043491, 102.47172618056767134931, 100.62689820562341935783, 98.75443293024096647059, 96.85294425326428324752, 94.92091429656827017425, 92.95668339026943272074, 90.95845781487803094478, 88.92424374937208142455, 86.85185885820042983596, 84.73887926195823183662, 82.58259258809309244498, 80.37998805395606893853, 78.12768714628921884469, 75.8218545067889664324, 73.45812698946187424554, 71.03150406938826222358, 68.53621684389736401499, 65.9655302325551673448, 63.31152951051296184914, 60.56476266339232950031, 57.71379528805426417648, 54.74461342071695213463, 51.63967081169532491458, 48.37650534994066475747, 44.92555149752215726267, 41.24641573080709378019, 37.28144857814873347479, 32.94291913593866638621, 28.08464252922767201426, 22.42487673326842312349, 15.20538649896117888716, 0.]
time=[0., 2.]
unitTests.x[2]=[0., 11.2668598521242078192, 17.23934509197028575045, 22.06779932270542232686, 26.29027900470784828713, 30.11321673919156083343, 33.64535966669951250196, 36.95274726241561324969, 40.07919210751406069448, 43.05560743779209076365, 45.90481081333885526874, 48.64423327625782178529, 51.28756822344548282899, 53.84581378510120686087, 56.32796256209136487314, 58.74148796362338487143, 61.09269160407995258311, 63.38693553088695153974, 65.6288381838063514806, 67.82240953858595844395, 69.97115366929126878404, 72.07816775487468419215, 74.14619050642045294808, 76.177673761558651222, 78.17480899025736107433, 80.13957787162065926623, 82.07376262500289954005, 83.97899373372395359638, 85.85675528783758636564, 87.70839618213013011427, 89.53517170640022015959, 91.3382310612036008024, 93.11861944143772973348, 94.87732712180164185156, 96.61526465085319159698, 98.33327309192507925673, 100.03214354603638014396, 101.71261033184052280376, 103.37536032627480153678, 105.02104227858481522162, 106.65026486172901343252, 106.65026486172901343252, 105.02104037519347912166, 103.37536007972160234658, 101.71261252463909841026, 100.03214354603638014396, 98.33327309192507925673, 96.61526289847293469393, 94.87732633945654470153, 93.11862202860133663762, 91.33823106120361501326, 89.53517170640022015959, 87.70839458967441260029, 85.85675389567465742857, 83.97899678480268903513, 82.07376262500289954005, 80.13957787162067347708, 78.17480756881698766847, 76.1776716529921742449, 74.14619412480276139377, 72.078167754874698403, 69.97115303207186798318, 67.82240628602848175888, 65.62883519203208493309, 63.38694046350357069741, 61.09269387014067831387, 58.74148742682829293926, 56.3279590657467323922, 53.84580961263722542753, 51.28757410238975467109, 48.64423611946325820554, 45.9048103908951077301, 43.05560366470006528061, 40.07918758810794201963, 36.95275304845358732564, 33.64536359399308196316, 30.11321652667687231997, 26.29027501496928920233, 22.06779130153156742722, 17.23935653176370408346, 11.26687076493882777584, 0.]
