last-generated=2018-04-05
statistics-simulation=
{
  "numerical Jacobians": "0", 
  "nonlinear": " ", 
  "linear": " "
}
unitTests.x[1]=[0.25, 0.96329235434186444298, 0.69083895341247436583, -0.19083883479509908265, -0.46329240060676257773, 0.25, 0.9632922648832163981, 0.69083883479525043381, -0.19083883479524585414, -0.46329229468550370274, 0.25, 0.96329226488293251407, 0.69083925973246929075, -0.19083925973254031727, -0.46329229468521843094, 0.25, 0.96329226488293251407, 0.69083925973246773644, -0.19083925973253879071, -0.46329229468521931912, 0.25, 0.96329252828450195878, 0.69083925973441528967, -0.1908392597344893693, -0.46329255808682440199, 0.25, 0.96329252828450195878, 0.69083925973441528967, -0.1908392597344893693, -0.46329255808682440199, 0.25, 0.96329252828450195878, 0.69083925973441528967, -0.1908392597344893693, -0.46329255808682356932, 0.25, 0.96329252828450118162, 0.69083925973441528967, -0.19083925973448631619, -0.46329255808682356932, 0.25, 0.96329252828450118162, 0.69083736185391531048, -0.19083736185382646489, -0.46329255808682356932, 0.25, 0.96329252828450273594, 0.69083736185392263796, -0.19083736185382646489, -0.46329255808682356932, 0.25, 0.96329252828450118162, 0.69083736185391531048, -0.1908373618538337646, -0.46329255808682356932, 0.25, 0.96329252828450273594, 0.69083736185392263796, -0.19083736185382646489, -0.46329255808682517914, 0.25, 0.96329252828450118162, 0.69083736185391531048, -0.19083736185382646489, -0.46329255808682356932, 0.25, 0.96329252828450273594, 0.69083736185391531048, -0.1908373618538337646, -0.46329255808682517914, 0.25, 0.96329252828450118162, 0.69083736185392263796, -0.19083736185382646489, -0.46329255808682356932, 0.25, 0.96329252828450118162, 0.69083736185391531048, -0.1908373618538337646, -0.46329255808682356932, 0.25, 0.9632908335765274499, 0.69083736189138056361, -0.19083736189127714633, -0.46329086337827435349, 0.25, 0.96329083357652034447, 0.69083736189138056361, -0.19083736189129177352, -0.46329086337827435349, 0.25, 0.96329083357652034447, 0.69083736189136590866, -0.19083736189129177352, -0.46329086337828145892, 0.25, 0.96329083357652034447, 0.69083736189138056361, -0.19083736189129177352, -0.46329086337827435349, 0.25]
time=[0., 10.]
unitTests.x[2]=[600., 982.0604196697086081258, 1218.18676310044520505471, 1218.1867796778178671957, 982.06044354889024816657, 600., 217.93967261359375697793, -18.18674725290371796405, -18.18674725290360427721, 217.93967261359338749571, 600., 982.06034264493268892693, 1218.18669593562140107679, 1218.18669593562140107679, 982.06034264493189311906, 600., 217.93967261383824052245, -18.18666351079735932217, -18.18666351079735932217, 217.93967261383824052245, 600., 982.06072471237962417945, 1218.18669593519484806166, 1218.18669593519416594063, 982.06072471237962417945, 600., 217.93929054611837159428, -18.18666351037033734883, -18.18666351036966943866, 217.93929054611837159428, 600., 982.06072471237962417945, 1218.18669593519484806166, 1218.18669593519416594063, 982.0607247123782599374, 600., 217.93929054611976425804, -18.18666351037033734883, -18.18666351037033734883, 217.93929054611976425804, 600., 982.0607247123782599374, 1218.18696117349759333592, 1218.18696117349759333592, 982.0607247123782599374, 600., 217.93929054611697893051, -18.18692874906101408783, -18.1869287490619164771, 217.93929054611976425804, 600., 982.0607247123782599374, 1218.18696117349759333592, 1218.18696117349668384122, 982.0607247123782599374, 600., 217.93929054611697893051, -18.18692874906101408783, -18.1869287490619164771, 217.93929054611697893051, 600., 982.0607247123782599374, 1218.18696117349759333592, 1218.18696117349759333592, 982.0607247123782599374, 600., 217.93929054611697893051, -18.1869287490619164771, -18.18692874906101408783, 217.93929054611697893051, 600., 982.0607247123782599374, 1218.18696117349668384122, 1218.18696117349759333592, 982.0607247123782599374, 600., 217.93929054611976425804, -18.1869287490619164771, -18.18692874906101408783, 217.93929054611976425804, 600., 982.0591102799503460119, 1218.18696116888099822972, 1218.18696116888281721913, 982.05911027994420692266, 600., 217.94090497855381727277, -18.18692874444543505774, -18.18692874444543505774, 217.94090497855381727277, 600., 982.05911027994420692266, 1218.18696116888281721913, 1218.18696116888099822972, 982.0591102799503460119, 600., 217.94090497855381727277, -18.18692874444543505774, -18.18692874444543505774, 217.94090497855381727277, 600.]
unitTests.x[3]=[4000., 4251.16210563592267135391, 4501.33300037574190355372, 4749.5253611605885453173, 4994.75975109230148518691, 5236.06787109375, 5472.49799102486213087104, 5703.11721452809069887735, 5927.01462209305736905662, 6143.307179295938112773, 6351.14111328125, 6549.69575437282037455589, 6738.18838868799866759218, 6915.8745932044112123549, 7082.05277227928309002891, 7236.06787109375, 7377.31149101347364194226, 7505.22650410753158212174, 7619.30815581230399402557, 7719.10597873923597944668, 7804.22607421875, 7874.33257767843042529421, 7929.14890258663945132867, 7968.45899864753209840273, 7992.10691704180408123648, 8000., 7992.10691704180408123648, 7968.45899864753209840273, 7929.14890258663945132867, 7874.33257767843042529421, 7804.22607421875, 7719.10586739835162006784, 7619.30815581260412727715, 7505.22650410718233615626, 7377.31165059342038148316, 7236.06787109375, 7082.05258043887351959711, 6915.87459320489597303094, 6738.18838868747479864396, 6549.69598449644399806857, 6351.14111328125, 6143.30692573338092188351, 5927.01422692515734524932, 5703.1176199507372075459, 5472.4982691679397248663, 5236.06787109375, 4994.75953310146996955154, 4749.52491919372187112458, 4501.33348301098430965794, 4251.16234848531348688994, 4000., 3748.83765151468696785741, 3498.66651698901569034206, 3250.47532494457527718623, 3005.24071103798905824078, 2763.93212890625, 2527.50148669143300139694, 2296.88238004693675975432, 2072.98577307717141593457, 1856.69307426778527769784, 1648.8590087890625, 1450.30389343266142532229, 1261.81117606316138335387, 1084.12581861935427696153, 917.94717542166540624748, 763.9320068359375, 622.68816630256503685814, 494.77305661940806658095, 380.69200980391906341538, 280.89413260048473830466, 195.7739410400390625, 125.66730025147559501875, 70.85091106084770729012, 31.54125798328659158187, 7.89310298593435533121, 0., 7.89310298593435533121, 31.54125798328659158187, 70.85091106084772150098, 125.66730025147559501875, 195.7739410400390625, 280.8936956521701517886, 380.69200979898812420288, 494.77305662484980075533, 622.68881223490552656585, 763.9320068359375, 917.94641503380012181879, 1084.1258186114769159758, 1261.81117607144483372394, 1450.30481967027526479797, 1648.8590087890625, 1856.69206487090605151025, 2072.98577306712377321674, 2296.88238005724679169361, 2527.50260257258605633979, 2763.93212890625, 3005.23955144247292992077, 3250.47532493333574166172, 3498.6665170003475395788, 3748.83884780246535228798, 4000.]
unitTests.x[4]=[10550000., 10549999.25597818382084369659, 10549998.51195581443607807159, 10549994.04782766662538051605, 10549997.02391384728252887726, 10550000., 10549988.09567307308316230774, 10550005.95216382667422294617, 10549994.04783656448125839233, 10550011.90432754158973693848, 10550000., 10549988.09563765116035938263, 10549976.19141709990799427032, 10550023.80858423933386802673, 10550011.90436313115060329437, 10550000., 10549988.09563765116035938263, 10549976.19141721166670322418, 10550023.80858412943780422211, 10550011.90436301939189434052, 10550000., 10550047.61745230108499526978, 10549976.19127530232071876526, 10550023.80872626043856143951, 10549952.3825503811240196228, 10550000., 10550047.61745230108499526978, 10549976.19127530232071876526, 10550023.80872626043856143951, 10549952.3825503811240196228, 10550000., 10550047.61745230108499526978, 10549976.19127530232071876526, 10550023.80872626043856143951, 10549952.38255060277879238129, 10550000., 10550047.61745207943022251129, 10549976.19127530232071876526, 10550023.80872603878378868103, 10549952.38255060277879238129, 10550000., 10550047.61745207943022251129, 10550095.23490460216999053955, 10549904.76510076224803924561, 10549952.38255060277879238129, 10550000., 10550047.61745252273976802826, 10550095.23490415886044502258, 10549904.76510076224803924561, 10549952.38255060277879238129, 10550000., 10550047.61745207943022251129, 10550095.23490460216999053955, 10549904.76510120555758476257, 10549952.38255060277879238129, 10550000., 10550047.61745252273976802826, 10550095.23490415886044502258, 10549904.76510076224803924561, 10549952.38255015946924686432, 10550000., 10550047.61745207943022251129, 10550095.23490460216999053955, 10549904.76510076224803924561, 10549952.38255060277879238129, 10550000., 10550047.61745252273976802826, 10550095.23490460216999053955, 10549904.76510120555758476257, 10549952.38255015946924686432, 10550000., 10550047.61745207943022251129, 10550095.23490415886044502258, 10549904.76510076224803924561, 10549952.38255060277879238129, 10550000., 10550047.61745207943022251129, 10550095.23490460216999053955, 10549904.76510120555758476257, 10549952.38255060277879238129, 10550000., 10549809.53474346175789833069, 10550095.23263363353908061981, 10549904.76737084425985813141, 10550190.46526815369725227356, 10550000., 10549809.53474257513880729675, 10550095.23263363353908061981, 10549904.76737173087894916534, 10550190.46526815369725227356, 10550000., 10549809.53474257513880729675, 10550095.23263452015817165375, 10549904.76737173087894916534, 10550190.46526726707816123962, 10550000., 10549809.53474257513880729675, 10550095.23263363353908061981, 10549904.76737173087894916534, 10550190.46526815369725227356, 10550000.]
unitTests.x[5]=[5564.97119140625, 16479.24969450732896802947, 14234.16495171577480505221, 2294.8074143703620393353, 3497.35370297178724285914, 7476.8173828125, 23789.62889777264354052022, 26416.73226461809463216923, 3266.3188665533716630307, 3989.51344601437176606851, 8484.5888671875, 24383.80053794875129824504, 19980.77572106590741896071, 3069.27024392213661485584, 4433.74151683311447413871, 9398.1796875, 30768.5954173368081683293, 39719.46382070211984682828, 3174.48620128573838883312, 9216.02395317371883720625, 9980.7236328125, 28900.88053465050688828342, 23887.61051544283691328019, 3876.60308575068438585731, 4903.74487434839193156222, 10175.3046875, 33021.45408556718757608905, 43707.09821165428002132103, 3151.00244793275305710267, 9803.76099087644615792669, 9980.7236328125, 28372.10318032067152671516, 22867.99974722018669126555, 3521.08909579844657855574, 4586.39149011453810089733, 9398.1796875, 29682.32260729907648055814, 35250.93970794923370704055, 3235.34853931271163673955, 5026.22707198636089742649, 8484.5888671875, 23003.3407496854015334975, 17666.49113783331631566398, 2446.96568148242522511282, 3659.56285731623120227596, 7476.8173828125, 22254.69383879299130057916, 22862.70799868015092215501, 3220.89457981500072492054, 4668.37263903628263506107, 5564.97119140625, 14584.70570101263183460105, 11315.9773261573318450246, 2270.90264208206690454972, 3756.60674933318250623415, 3171.066650390625, 11005.31020400864690600429, 13025.63893536902469350025, 3190.40142257939260161947, 8724.14949015869569848292, 2365.692626953125, 5064.36002800437745463569, 3221.02315541377220142749, 2222.22682104993191387621, 3694.49337395082966395421, 1240.978271484375, 1747.36341773083449879778, 2126.41553305162415199447, 3051.59308177405500828172, 6255.04017967850359127624, 561.44964599609375, 530.97154444128636896494, 253.6182346958783853097, 2025.61959912163820263231, 2580.08977287501329556108, 563.155517578125, 74.73368516769154723534, 95.00035876755772790148, 2406.13251354000658466248, 5262.97019166763857356273, 561.44964599609375, 992.44262412199009304459, 1059.8898247130330219079, 2146.79560137879343528766, 3488.54348303315782686695, 1240.978271484375, 2753.51477485929081012728, 3639.3627647010166583641, 3176.15680466712547058705, 8108.56189715013624663698, 2365.692626953125, 6625.01063679209801193792, 5524.33494667937611666275, 2289.25986457523549688631, 4090.58500655710577120772, 3171.066650390625, 13528.57622317095228936523, 18715.89015169335471000522, 3270.62049249764595515444, 6075.33851725126169185387, 5564.97119140625]
