last-generated=2018-12-20
statistics-simulation=
{
  "numerical Jacobians": "0", 
  "nonlinear": " ", 
  "linear": " "
}
unitTests.x[1]=[7.54099988937377929688, 7.16204594781743608678, 6.8112668846097008668, 6.48692558187177681361, 6.18735978516527485027, 5.91098072203837787697, 5.65627047255057924247, 5.42178297741673898003, 5.20613952908941701736, 5.0080300085936260146, 4.82620861855467886414, 4.65949391408400792614, 4.50676675861539077772, 4.3669690476099605192, 4.23910237120787325438, 4.12222392372992452181, 4.01544948905628462654, 3.9179473097626291711, 3.82893997836637245413, 3.74769995828882906963, 3.67355062787214814435, 3.60586233854878246419, 3.54405307096624611063, 3.48758509130930027808, 3.43596384376037589092, 3.38873696327209472656, 3.34549160991953975497, 3.30585460147059873037, 3.26948857740950815653, 3.23609230341204545667, 3.20539811932347307177, 3.17717028337188533982, 3.15120433053036830273, 3.12732461245976667286, 3.10538245032149307079, 3.08525561189088026737, 3.06684615861337661613, 3.05007863844276316811, 3.03489851301798641003, 3.02127121149343436102, 3.00917983775816777481, 2.99862408315919681812, 2.9896180532318421541, 2.98218942219874705302, 2.97637700935672366853, 2.97222995469093698162, 2.96980595790958146196, 2.96916914000749443403, 2.97038913111114100118, 2.97353934941271003112, 2.978694915771484375, 2.97353934941270114933, 2.97038912540437882726, 2.96916914168399648233, 2.96980595452038853566, 2.97222995469092854393, 2.97637700935672366853, 2.98218942219876259614, 2.98961807800345980013, 2.99862411406340712006, 3.00917980538441831584, 3.02127121149338284667, 3.03489851301798641003, 3.05007863844276316811, 3.06684615861345521992, 3.0852556708496066129, 3.10538238968994440015, 3.12732454452631092323, 3.15120433053031767656, 3.17717028337188533982, 3.20539811932358187363, 3.23609240068547521219, 3.26948847752739846229, 3.30585448958202254843, 3.3454916099194274004, 3.38873696327209472656, 3.43596391832470704486, 3.48758517545330803955, 3.54405325453469854935, 3.60586224644638875247, 3.67355052508319479543, 3.74769995828880331246, 3.82893997836646704513, 3.91794745505244046413, 4.01544980395120365557, 4.12222359949637517929, 4.23910219639021690341, 4.36696904760986903682, 4.50676686893809907986, 4.6594941616747291846, 4.82620902495488213191, 5.00802946090107159449, 5.20613923388273569515, 5.42178281618813784348, 5.6562705647255029362, 5.91098103091641746687, 6.18736045267072309883, 6.48692474489891246492, 6.81126628047636639707, 7.16204562112866227608, 7.54099988937377929688]
time=[0., 2.]
unitTests.x[2]=[8.23499965667724609375, 7.90868281632021918881, 7.60172985694475045193, 7.31321142286932612819, 7.04223010650489200657, 6.78792049395364571751, 6.54944798334000743978, 6.32600784967661322611, 6.11682697612038328572, 5.92115981423872561606, 5.73829033715568037621, 5.56753109936059153995, 5.40822120498299963032, 5.25972788892571685437, 5.12144423355362743422, 4.99278839150419351256, 4.87320514522482284292, 4.76216318208729560979, 4.65915496564499065357, 4.56369731703547376611, 4.4753284717705383855, 4.39361042795618850221, 4.3181261933272070408, 4.24848034903531690532, 4.18429657628020645888, 4.12522029876708984375, 4.07091517462650287484, 4.02106433494777171234, 3.97536826678467525298, 3.9335455575588662569, 3.8953316667245516669, 3.86047840949374521102, 3.82875345076528983412, 3.79993967019934464346, 3.77383471468864151177, 3.75025008842990548175, 3.72901085077176697169, 3.70995474770360011973, 3.69293212169304041481, 3.67780492778915002461, 3.66444588503780543931, 3.65273856753281833676, 3.64257668306160020677, 3.63386250165523172484, 3.62650799606433205113, 3.62043260947588141363, 3.61556363512072787003, 3.61183547942078986281, 3.60918855493403967216, 3.6075694576445553885, 3.60693001747131347656, 3.60756945764455982939, 3.60918856171975255265, 3.61183549040260132301, 3.6155636230580343593, 3.62043260947586453824, 3.62650799606433205113, 3.6338625016552499325, 3.64257671144800276863, 3.65273860187047016979, 3.66444584916294280319, 3.67780492778909318119, 3.69293212169304041481, 3.70995474770360011973, 3.72901085077185756589, 3.7502501573192743578, 3.77383464350000696896, 3.79993958884843285873, 3.82875345076522854981, 3.86047840949374476693, 3.89533166672468711411, 3.93354567918829012285, 3.97536814168225527411, 4.02106419430529804515, 4.07091517462636165448, 4.12522029876708984375, 4.1842966691816076974, 4.24848045281591080169, 4.31812641759080317883, 4.39361031547663660746, 4.47532834801906886923, 4.56369731703544267987, 4.65915496564509989952, 4.76216334755299008918, 4.87320549855419216101, 4.99278802971236412844, 5.12144404126734720251, 5.25972788892561826657, 5.40822132077694739394, 5.56753135312943125967, 5.73829074589853060928, 5.92115926467091924223, 6.11682668455310540878, 6.32600769339964585924, 6.54944807016198282668, 6.78792077816712335903, 7.04223071070184492015, 7.31321066576016853844, 7.60172931953677366579, 7.90868253044772462346, 8.23499965667724609375]
