last-generated=2018-12-20
statistics-simulation=
{
  "numerical Jacobians": "0", 
  "nonlinear": " ", 
  "linear": " "
}
unitTests.x[1]=[456.711822509765625, 464.82479875557532977837, 472.22302277332840958479, 478.94747967289185908157, 485.032288108551199457, 490.5066829594475734666, 495.3962103268380587906, 499.72375476038973829418, 503.51004090371372967638, 506.7740772750207156605, 509.53341636635548184131, 2864.12167472406963497633, 389.73668409140100266086, 165.01484716663719609642, 98.30404929072119557532, 69.29140234056769998006, 53.94066990018677643093, 44.77805082064831054822, 38.84214761648488689616, 34.76129834324252243505, 31.82640915712229556789, 29.63960526164347086819, 27.96302206020016711818, 26.64702656187752083383, 25.59351299129455981074, 24.73587799072265625, 24.02756058283134521503, 23.43518316405714330131, 22.93428045142456994654, 22.50658193452770916565, 22.13820689607116776187, 21.81844527780216580481, 21.53892689341310884288, 21.29302818439311195675, 21.0754471566693482032, 20.88190067963545715202, 20.70889496639162885572, 20.55355460590257621334, 20.41349976930736431768, 20.28673727100920842759, 20.1715985005172129263, 20.06666942858312552289, 19.97074687471582876697, 19.8828030240336950385, 19.80195234371607426738, 19.72743407366277779147, 19.65858465040912506083, 19.5948295520638708922, 19.53566354400039628558, 19.48064618439992656818, 19.4293842315673828125, 19.38153834730366398276, 19.33679953956518815517, 19.29489696413670074548, 19.25559052108471291831, 19.21866421225031373865, 19.18392182205035467746, 19.15118978147886252827, 19.12031359462428170559, 19.09114830250825889379, 19.06356627220866784, 19.03745464164996548107, 19.01270295344946603677, 18.98921965467270922545, 18.96691319231247163657, 18.94570536475195154935, 18.92552380983173421214, 18.90629771519744650732, 18.88796998356771084104, 18.87048148703474126364, 18.8537807270880506394, 18.83781811241726344974, 18.82255177021325209807, 18.80793764946382751191, 18.79393960357788628812, 18.780521392822265625, 18.76765249961883696983, 18.75529859151031786269, 18.74343487285533882414, 18.73203279996419112763, 18.72106934880663331455, 18.7105197931255453625, 18.70036315207892840817, 18.69058225942698925337, 18.68115422691330351768, 18.67206384888741155237, 18.79539205765500398115, 19.62839275964569907273, 20.53633734837297453169, 21.49828289254009305864, 22.50146347057266993374, 23.53775893948355957264, 24.60181056998487392207, 25.68990247464681431211, 26.79937580141838893155, 27.9282411811043012051, 29.07495556152234073011, 30.23826264475454195235, 31.41713297873689825224, 32.61066322406011863677, 33.818058013916015625]
time=[0., 1.]
unitTests.x[2]=[481.0452880859375, 486.92358410760357401159, 492.20031760306250134818, 496.90008574181763378874, 501.04501376936781298355, 504.65518163139182661325, 507.74911536463690708842, 510.34387199881700780679, 1115.92069796240889445471, 275.8447124326554558138, 135.33190623845575828454, 86.25125708554054426713, 63.17866095870454046235, 50.39540799047237840114, 42.52849617951743965705, 37.31972006313898049257, 33.67977417206827794871, 31.02849239366361189241, 29.03280958317568760663, 27.48995367703556169658, 26.27049288542855975948, 25.28850117092567373334, 24.48505202343830333689, 23.81858088593519084952, 23.25905963476098392562, 22.784343719482421875, 22.37778437467458303445, 22.02667271890773648124, 21.72115901580552588257, 21.45351007768928042196, 21.21758487760362399399, 21.00844769464301364792, 20.82210146844888853934, 20.65527746161481559284, 20.50527768510563575433, 20.36985580472643775352, 20.24714105325131185964, 20.13555150388664216621, 20.03374858072047715041, 19.94059168565516415583, 19.85510449566017143752, 19.77644345466188369187, 19.70388403404076882453, 19.63679318311723775992, 19.57462118638935066883, 19.51688378421626879344, 19.46315960472761830147, 19.41307258033090121785, 19.3662929052892280879, 19.32252887975656463482, 19.28151702880859375, 19.24302669804697529798, 19.2068480780301236166, 19.172796155394962625, 19.14069945385949367278, 19.11040691089814913539, 19.08178330135123701439, 19.05470464740014691074, 19.02905650762729550252, 19.0047396995511448381, 18.98165708210762758767, 18.95972636435401881272, 18.93886757871934634068, 18.91901206050731332198, 18.90009305231113856394, 18.88204951873356307601, 18.86483006140877094481, 18.84837916209335162421, 18.83265496404628080995, 18.81760978349252511066, 18.80320547337788639197, 18.78940388653158066745, 18.77617267515534749123, 18.76347734926780930209, 18.75129128645657061725, 18.7395839691162109375, 18.72833060169632091174, 18.71750638853734471923, 18.7070922560165335824, 18.69706346724488454925, 18.68740082921684830808, 18.67808723668670722873, 18.66910552350292817891, 19.06293816532276252929, 19.92397354838553269474, 20.85173761941053882651, 21.82856417637271917442, 22.84352253518056841131, 23.88957265017558739828, 24.96198809623462722129, 26.0574634270177085682, 27.17359057353438700488, 28.30855941895468319558, 29.46093285631462777019, 30.62954167792983639629, 31.81339215349820293, 33.01162978611665721473, 34.22347292777049432289, 35.44823984195286925569, 36.68527484726113385705, 37.93396759033203125]
unitTests.x[3]=[-27.5827808380126953125, -80.44655729572266977812, -134.9469629247822126672, -190.84843824648228860497, -247.92935696498904007967, -305.97942680202669407663, -364.79810364174369397006, -424.19326604661068813584, -483.98044895114082919463, -543.98203419006301828631, -604.02702963022056792397, -3581.50243501546128754853, -487.35473110382088179904, -206.34645505506929907824, -122.92649410977719526272, -86.64701164454903903334, -67.45135769808342729448, -55.99376084548063658985, -48.57108376090123869062, -43.46810051352368020616, -39.7981119258855429166, -37.06357804101765651694, -34.96705987421180594765, -33.32145371954048584939, -32.00406584521250863418, -30.9316234588623046875, -30.04589768107478775505, -29.30515172680665969551, -28.67879302341188463288, -28.14397198970019431385, -27.68333486845117263897, -27.28348741012023381813, -26.93396163716353441941, -26.62647857855985833453, -26.3544045421868240453, -26.11238656879531916388, -25.89605361027619423453, -25.70181092555849389214, -25.52667991409559888893, -25.36817338541229815974, -25.22420319235158459037, -25.09299655286358543549, -24.97305473667332265109, -24.86308677644122511197, -24.76199338526571480656, -24.66881550692799862645, -24.5827275018760644798, -24.50300978706129129137, -24.4290293887812985929, -24.36023718532838699957, -24.296142578125, -24.23631662613026449549, -24.18037785767038272411, -24.1279867637610401232, -24.07884226589347775871, -24.03267102842482927372, -23.98923302707466476136, -23.94830891644917514327, -23.90970414612698746737, -23.87323942477243576832, -23.83875664167726782239, -23.80610852043277958501, -23.77516366495977351292, -23.74580381943838247594, -23.7179164499582100234, -23.69140237395835413281, -23.66617209246559738745, -23.64213756680989675374, -23.61922456441716278164, -23.59736251324004996377, -23.57648274861226056487, -23.55652995709558794601, -23.53744321465183020337, -23.5191765173870983574, -23.5016784831947873613, -23.484905242919921875, -23.46881674224121283601, -23.45337674127998539575, -23.4385470929544403873, -23.42429545551653191637, -23.41059114156332654488, -23.39740562748424324013, -23.38471221036403591143, -23.37248609454342940239, -23.36070248443553509787, -23.3493423728846245524, -24.22281778621204040292, -29.82213504854809471567, -36.01194693455180129149, -42.78019206028386633989, -50.12319108806413225921, -58.040383907212984127, -66.53279946825294643986, -75.60215856993623617655, -85.25072717602387228908, -95.48103067915617714334, -106.29575455119811522309, -117.69749173059575753086, -129.68895678006998650744, -142.27247922832935955739, -155.450225830078125]
unitTests.x[4]=[-209.7549591064453125, -267.18179450928528240183, -325.50989032304005377227, -384.54169099278072962989, -444.08765182857410991346, -503.96572429177132335099, -564.0004963351198057353, -624.02288639611538201279, -1395.42708690052154452133, -344.93604806246310090501, -169.22877516838673273014, -107.85482567433193423767, -79.00319909069432355864, -63.01810661227355581104, -53.18075991879427277809, -46.66733501669487083063, -42.11569080570777146022, -38.80033927004917870818, -36.30479972599590610116, -34.37550695744256046282, -32.85060924048622865712, -31.6226608795932051521, -30.61797512828706047117, -29.78457483190757315583, -29.08491672930257010421, -28.4913005828857421875, -27.98291543522735835836, -27.54386755590031299334, -27.16183475991592999321, -26.82715390102823960206, -26.53213915911078757404, -26.27062612757332971114, -26.03761275927022111887, -25.82900836428272484113, -25.64144140953872508248, -25.47210874589469398188, -25.31866285456229093143, -25.17912871093345117401, -25.05183214158944693395, -24.93534835259956849995, -24.82845312554887939882, -24.7300967835279372764, -24.63936985116197675438, -24.55548101519559267558, -24.47774122373588312485, -24.40554801332580936446, -24.33837323867703972269, -24.27574538468344655939, -24.21725648575523592854, -24.16253476457667304089, -24.1112575531005859375, -24.06313319554540086642, -24.0178984764075238445, -23.97532069852621816608, -23.93519219225839478327, -23.89731983782228752489, -23.86153221964615767092, -23.82767674964082971201, -23.79561037603431472576, -23.76520721339142028228, -23.73634917322737791778, -23.70893100766832972681, -23.68285371092203916987, -23.65803145212722924384, -23.63437840034986336946, -23.61182398334947052376, -23.59029584704964577213, -23.56973269970955797703, -23.55007363746994286657, -23.53126525442343108807, -23.51325986677728963059, -23.49600788323475342168, -23.47946934583627154325, -23.4636001884677583007, -23.44836617945814793984, -23.4337329864501953125, -23.41966627718669968772, -23.4061393485685300675, -23.39311977561435540451, -23.3805866506249984127, -23.36850930679041482563, -23.35687065398045803022, -23.34564398934130124985, -26.02222416938025872923, -31.82068149196149420277, -38.20401712744160960256, -45.16404077087046431416, -52.69841777616320399602, -60.80722830476677387423, -69.49173502526862478135, -78.75389864347889101737, -88.59602765536492086085, -99.02084097667022888345, -110.03095966956766460498, -121.62903879931788253543, -133.81759613005272058217, -146.59898143761824940157, -159.9751655165936767844, -173.94809301048417182756, -188.51915091484886488615, -203.689453125]
