last-generated=2021-05-05
statistics-simulation=
{
  "numerical Jacobians": "0", 
  "nonlinear": " ", 
  "linear": " "
}
unitTests.x[1]=[11.4153041839599609375, 11.4153041839599609375, 11.4153041839599609375, 11.4153041839599609375, 11.54736280976013773625, 24.925791309004782903, 45.23402905923362027352, 51.81806546633394816581, 57.65919215993491064864, 63.35570705761073639906, 68.92676461865002579543, 74.38731416462022139058, 79.74933766622537234525, 85.0226312750623520742, 90.21533935295400397081, 95.33432466329919918735, 100.38546932197550631827, 105.37381655615762099387, 110.30379135065214768474, 115.17926903826575824041, 120.00366067745808607015, 124.78004003982056246969, 129.51112421811080821499, 134.19938464749552053945, 138.847033120244731208, 143.4561004638671875, 148.02844672305795370448, 152.56573000997269673462, 157.0695337664212445361, 161.54127874038360346276, 165.98227926611048133054, 170.39376726151962770928, 174.7768738507739101351, 179.13266947318035704484, 183.46215665845144826562, 187.76623790814690551088, 192.04578551778612904855, 196.30163371725620891084, 200.53453265162855245762, 204.74519948628096699395, 208.93432368004647514681, 213.1025710663622589891, 217.25053948111408885779, 221.37876597370501485784, 225.48787023969072151885, 229.57831296861800751685, 233.650631373389444434, 237.70527697136176925596, 241.74269536088502263738, 245.76333235354880457635, 249.7675933837890625, 253.75586316949318188563, 257.72852318459200660072, 261.68595489968515721557, 265.62844003941177106753, 269.5563612913456950082, 273.47003080654650375436, 277.36975376000572168778, 281.25583532945847764495, 285.12851965701275958054, 288.98805843757418188034, 292.83480285409882526437, 296.66894348662935954053, 300.49072447513583483669, 304.30042047847632602497, 308.09821460408403481779, 311.88432846147100008238, 315.6589902900351489734, 319.42239111033455856159, 323.17477506298439493548, 326.91626421807188762614, 330.64710271837543587026, 334.36742100844810465787, 338.07741602737547736979, 341.77727919028404812707, 345.4671630859375, 349.14722030077138015258, 352.81760342500450633452, 356.47846504696406100265, 360.12990550295370439926, 363.77215142423006000172, 367.40530308973734463507, 371.02951308646134975788, 374.64487296822323969536, 378.25153532413986567917, 381.84960080479459065828, 385.43923437183502755943, 389.02053662396770050691, 392.59359911356324346343, 396.15857442851233827241, 399.71552360579005380714, 403.26454758559435731513, 406.80584126304705705479, 410.33941397868238709634, 413.86538780251055413828, 417.38388480429603077937, 420.89496602068896891069, 424.39873266001302454242, 427.89531804353100596927, 431.38476229994364530285, 434.867156982421875]
time=[0., 1.]
unitTests.x[2]=[17.2839260101318359375, 17.2839260101318359375, 17.2839260101318359375, 17.2839260101318359375, 17.2839260101318359375, 17.2839260101318359375, 17.2839260101318359375, 17.2839260101318359375, 17.2839260101318359375, 17.2839260101318359375, 18.15932422586723760105, 25.52674355288263541297, 36.90476948057896322553, 50.33249591498555020053, 64.86873542473348663862, 74.34924761421105188219, 78.33782335940840368949, 82.23058249819136733549, 86.0777865674118345396, 89.88246244915899296757, 93.64727671460559577099, 97.37462095999724454032, 101.06662031074031915523, 104.72519531730667097236, 108.35209086399635225462, 111.9488677978515625, 115.51698641921434784763, 119.0577507292004639794, 122.57238727755060381241, 126.06199935978341386544, 129.52761428801858301085, 132.97021402511546739333, 136.39067321360795403962, 139.78979047550993186633, 143.16839479067920137823, 146.52717789838382600465, 149.86680126362136888929, 153.18794092469354950481, 156.49116673124490262126, 159.77705851889692212353, 163.04612537474926625691, 166.29889032003248416913, 169.53583186918928049636, 172.75739821275158192293, 175.96400527902943622394, 179.15607068957211822635, 182.3339817278300927228, 185.49810828637706094923, 188.64879182397496037993, 191.78637396584113616882, 194.9111785888671875, 198.0235167549916752705, 201.12366312580908811469, 204.21190761918472844627, 207.28850659196058359157, 210.35375611697594422367, 213.40786670452663997821, 216.45109775310953637018, 219.48366288747092767153, 222.50579099063250509971, 225.51767776527910314144, 228.51954222033947417003, 231.51159525486085044577, 234.49401997405729503043, 237.46696896647426910931, 240.4306558565410796291, 243.38521564956687370795, 246.33086667191619767436, 249.26771335604195201086, 252.19595406607717791303, 255.11571087203566321477, 258.02713636350739534464, 260.93035059008474263464, 263.82555600748190727245, 266.71279632185468244643, 269.59228515625, 272.46408354495099501946, 275.32834407730342718423, 278.18515830735134386487, 281.03466186054146191964, 283.87694974009991710773, 286.71215752783467678455, 289.54037677577650811145, 292.361699037618109287, 295.17621586684145995605, 297.98406313627174313297, 300.78530483450822430314, 303.58001575851153575059, 306.36834849566304228574, 309.15033356397731267862, 311.9260625172073559952, 314.69564093626019030125, 317.45913235492275816796, 320.21664231652238186143, 322.96820133880214598321, 325.71393149168864056264, 328.45389381126977923486, 331.18813305314819217529, 333.91674284698160590779, 336.63979843068256059269, 339.35736083984375]
unitTests.x[3]=[-1.22828149795532226562, -1.22828149795532226562, -1.22828149795532226562, -1.22828149795532226562, -1.24249105873400589317, -2.68200382587983554572, -4.86716092588203963487, -5.57560060504189536346, -6.2041031036606604232, -6.81704547145930828123, -7.4164885588802409444, -8.004040752709544293, -8.58099285184195714749, -9.14839676002284463152, -9.70712944534734489821, -10.25793042911013941421, -10.80143089510097098582, -11.3381747244316333223, -11.86863766094219663216, -12.39323723822687739471, -12.91234001011079612908, -13.42627654198389919316, -13.93533808067524226715, -14.43979242332588341924, -14.93987873065682769891, -15.4358119964599609375, -15.92779396981400985567, -16.41600365868763589106, -16.90061181983867655276, -17.38176958012682860044, -17.85961666518439017182, -18.33429134525499648589, -18.80591426122396114806, -19.27459464754917206619, -19.74044401714774821244, -20.20356205792439752145, -20.66403895458048722844, -21.12196709779117043126, -21.57742521953834469173, -22.03049152136151178638, -22.48123905072347739065, -22.92974106568466652334, -23.37605916206161893456, -23.8202549624235935255, -24.2623921491911147541, -24.70252280110874920638, -25.14070092894877461731, -25.57698064269437310259, -26.0114045023981041993, -26.44402272043309309879, -26.8748798370361328125, -27.3040165215647014918, -27.73147473613140689963, -28.157290720469408285, -28.58150009818283976415, -29.00414416548925800043, -29.42525281417154658925, -29.84486228373991423268, -30.26299927731637140482, -30.67969812733390355675, -31.09498497315089693416, -31.50889337536773737725, -31.92144374274781171152, -32.33266850015421312037, -32.7425886284901110912, -33.15122701616191847052, -33.55861175638061411064, -33.9647629643592168236, -34.36970491091268087303, -34.77346048427749281018, -35.17604112850501962839, -35.57747736137297778214, -35.97778205914554661149, -36.37697906733788499878, -36.77508125528679983063, -37.17211151123046875, -37.56808127913335226822, -37.96301344737912586424, -38.35691946016873288272, -38.74981605234432180396, -39.14171935141592939544, -39.5326460860885049442, -39.92260770038029704665, -40.31161945321758111049, -40.699696603442212961, -41.08684447582815124633, -41.47308675880073991493, -41.85843258620608509091, -42.24289340207232612556, -42.62648065051853762952, -43.00920959045200930859, -43.39108557774181917921, -43.77212460877838395845, -44.15233584889398343876, -44.53173074219218818826, -44.91031691802309921968, -45.28810963529297595187, -45.66511427871233053111, -46.04134297196773673022, -46.41680490956301241567, -46.791507720947265625]
unitTests.x[4]=[-56.1587982177734375, -56.1587982177734375, -56.1587982177734375, -56.1587982177734375, -56.1587982177734375, -56.1587982177734375, -56.1587982177734375, -56.1587982177734375, -56.1587982177734375, -56.1587982177734375, -59.00313050137735615408, -82.94130144550675254322, -119.91068608899593073147, -163.53995467466853597216, -210.77097809798775074341, -241.57500187705682037631, -254.53465725541525443987, -267.1829811476337113163, -279.6832796739216178139, -292.04541308474426841713, -304.27801150597781543183, -316.38886287505772543227, -328.3848891174500863599, -340.27227288981976016657, -352.05676898500132665504, -363.743377685546875, -375.33689454993100298452, -386.8415099108128174521, -398.2612291113683227195, -409.59967983212027320405, -420.86012455226392603436, -432.04577370728469531969, -443.15949278241748743312, -454.20390401004641489635, -465.18163670837816425774, -476.09494666795717421337, -486.94605995151732713566, -497.73705541260591189712, -508.46988425191796068248, -519.14637753003455600265, -529.76818215831565339613, -540.33710093654337924818, -550.8545059395777343525, -561.32195297646160270233, -571.74090823895903668017, -582.11250012387290553306, -592.43816278539020458993, -602.71899536305613764853, -612.95618771352712883527, -623.15080816469492219767, -633.30389404296875, -643.41645249236614745314, -653.48946008542702656996, -663.52377131783111963159, -673.52024225385559930146, -683.47978550803668440494, -693.40319587965370828897, -703.29120578795539131534, -713.14460869507320239791, -722.96407599274391486688, -732.75028187492137021763, -742.50395335091468496103, -752.22570337819900032628, -761.91614230717289046879, -771.57581945642527898599, -781.20540621674945214181, -790.80533374158039805479, -800.37632681935156142572, -809.91875538986539595498, -819.43310773327539209276, -828.9199941997047744735, -838.37978100575026019214, -847.81290028825401350332, -857.21989174555119461729, -866.60118735230059883179, -875.9571533203125, -885.28815585732320414536, -894.59468325011232536781, -903.87704067620734349475, -913.13560027074834124505, -922.37077757643123732123, -931.58288354802152753109, -940.77228439512487057073, -949.93934633139326706441, -959.08431349940860854986, -968.20743676608651639981, -977.30925212883641961525, -986.3898882522048552346, -995.44965031008155165182, -1004.48884347955720386381, -1013.50777293874159568077, -1022.50662925236144928931, -1031.48582487110138572461, -1040.44542816743273760949, -1049.38586638663946359884, -1058.30726159782557260769, -1067.20985794617149622354, -1076.09384667532208368357, -1084.95969990064122612239, -1093.80748668595060735242, -1102.6373291015625]
