last-generated=2018-12-20
statistics-simulation=
{
  "numerical Jacobians": "0", 
  "nonlinear": " ", 
  "linear": " "
}
unitTests.x[1]=[5750.91943359375, 6166.57911051050723472144, 6556.5278487641671745223, 6920.35842178025632165372, 7258.02590770048391277669, 7569.78708691103020100854, 7856.15970437272426352138, 8117.87841045660206873436, 8355.85843852648940810468, 8571.15715271284352638759, 2976.6200076470731801237, 458.13909631715449677358, 188.89585070309021830326, 127.9587536654199197983, 99.65244424801269929048, 82.95358341975729388196, 71.80209027336259453023, 63.76315816548130754882, 57.65839398607133858832, 52.84408087173527945879, 48.53588649377033448218, 36.94477439317964240217, 26.23188675413563686334, 18.31261352207608439358, 13.02206146615031023828, 11.0751514434814453125, 10.9006956937521302109, 10.79347335355681103408, 10.69760609766817616162, 10.61141770279393803378, 10.53354844430105075048, 10.46287824345241901369, 10.39847846437405465281, 10.33957584208754632016, 10.28551294288612005801, 10.23573777233281134613, 10.18977362328710789541, 10.14721490921234092752, 10.10770891294081685885, 10.07095045772267560835, 10.03667356570982072128, 10.00464247556626595781, 9.97465320618933581898, 9.94652368599618696976, 9.92009257662836141378, 9.89521786689857840713, 9.87176992420559784591, 9.84963607533086893397, 9.8287133953413547971, 9.80890848100530909903, 9.79013824462890625, 9.77232836030389684367, 9.75540825574406156306, 9.73931784929012067664, 9.72399905566717315253, 9.70940114774605866899, 9.69547558156641287042, 9.68218039541027053474, 9.66947553477701582381, 9.65732380624201880437, 9.64569285256765596159, 9.63455011027254748512, 9.62386799359538258614, 9.61361884594006177451, 9.60377977904795976372, 9.59432695095202703328, 9.5852394338604085533, 9.57649804598029952274, 9.56808376905008906022, 9.55997943689223816932, 9.55216883702420993529, 9.54463861792014078844, 9.53737356327621377261, 9.53036118872455872975, 9.5235891405872106219, 9.5170459747314453125, 9.51072120075342297696, 9.50460337449313819036, 9.49868486651513066477, 9.49295521995943403226, 9.4874076908516862261, 9.48203182347107720318, 9.47682284943227237761, 9.47177218563242995231, 9.4668731563274235441, 9.46211911367599078915, 9.51976350775263746584, 9.91348342385858316561, 10.34425756842303911753, 10.80203123725137359656, 11.2807771908744882694, 11.77659379928695848605, 12.28683767114490876793, 12.8096319240728693245, 13.34360230927388357713, 13.88769978259078818894, 14.44109845827091298531, 15.00311880497256566969, 15.5732019936134253868, 16.15085355705405589788, 16.7356414794921875]
time=[0., 1.]
unitTests.x[2]=[7035.814453125, 7364.80420622500514582498, 7668.03370428152811655309, 7946.09669734317412803648, 8199.79299016226650564931, 8430.08885070782343973406, 8638.08205741855999804102, 2966.29492277132658273331, 300.56792013324110257599, 161.85955442637916235071, 116.52531157895769808874, 93.2204427127519466012, 78.77987366994696571965, 68.85063545468861434529, 61.55248680792772120185, 55.93298262132132947499, 51.45509960091626311396, 45.19788937999179978533, 32.42298222341366198407, 22.3618334869055956915, 15.02642628190364249008, 10.68248514022137207746, 9.71268367128813103761, 9.67032529504652060837, 9.63529298951059587353, 9.60443401336669921875, 9.57707593393211453758, 9.55268290160365118879, 9.53081989537928997436, 9.51113127116653700455, 9.49332430018621842294, 9.47715473546121955906, 9.46241854623396783097, 9.44894410885441438097, 9.43658352325370763936, 9.42521285365286409785, 9.41472341083723840427, 9.40502357931290156046, 9.39603232927448495104, 9.38767908859065336458, 9.37990189049400235888, 9.37264823664600577047, 9.36586951355345220804, 9.35952377761349474383, 9.35357284409360900668, 9.34798430754154985323, 9.34272766541424992681, 9.33777618351246196937, 9.33310603611495182008, 9.32869530135666558124, 9.3245258331298828125, 9.32057761781749682939, 9.31683635020465672483, 9.31328677146137451359, 9.30991554969306633893, 9.30671024697101501033, 9.3036613471483722293, 9.30075740612304535659, 9.29798888710532445145, 9.29534720700473826582, 9.29282570475278646427, 9.29041576723824391593, 9.28811073411223375729, 9.28590583698953153657, 9.28379440012945877925, 9.28177070147020266688, 9.27982998394500668837, 9.27796840973309677736, 9.27618122226338215341, 9.27446365316427012715, 9.27281284140147832318, 9.27122592593497074631, 9.26969814731630314952, 9.26822757997429036436, 9.26681137218199602046, 9.26544666290283203125, 9.26413059111384740163, 9.26286029579209291285, 9.26163577689664130332, 9.2604522730145646392, 9.25930977002392374686, 9.25820636775188532397, 9.25713920518229649304, 9.4538132815121560526, 9.87756845488169510361, 10.33201011518450762594, 10.80939223492843481722, 11.30488848596264972457, 11.81534315033368187642, 12.33859614877781929465, 12.87310824568021949688, 13.41773842979980457812, 13.97161772209989649696, 14.53404481480768772883, 15.10444273351748734058, 15.68232128878283226925, 16.26725323219623220439, 16.85884877920001301277, 17.45676689079965626661, 18.06067790391785976567, 18.6702747344970703125]
