last-generated=2018-12-20
statistics-simulation=
{
  "numerical Jacobians": "0", 
  "nonlinear": " ", 
  "linear": " "
}
unitTests.x[1]=[1000., 1000.]
time=[0., 1.]
unitTests.x[2]=[1000., 1000.]
unitTests.x[3]=[-60.3943023681640625, -173.06914009217319971867, -285.77216080027312727907, -398.48178856323363561387, -511.17569977114106904992, -623.83068008470172571833, -736.42292769093205606623, -848.92748688269955437136, -961.31880670389659826469, -1073.57002823764310051047, -1185.65391397332246015139, -1250.7108154296875, -1250.711181640625, -1250.71142578154103830457, -1250.7117919921875, -1250.71215820276120211929, -1250.7125244140625, -1250.7127685546875, -1250.71313476518844254315, -1250.7135009765625, -1250.7137451171875, -1250.71411132852517766878, -1250.7144775390625, -1250.7148437497453414835, -1250.71508789095241809264, -1250.7154541015625, -1250.7158203125, -1250.71618652278266381472, -1250.7164306640625, -1250.71679687550931703299, -1250.71716308520990423858, -1250.7174072265625, -1250.71777343793655745685, -1250.71813964763714466244, -1250.71850585915672127157, -1250.71875000036379788071, -1250.7191162100643850863, -1250.71948242158396169543, -1250.71972656279103830457, -1250.7200927743106149137, -1250.72045898401120211929, -1250.7208251953125, -1250.72106933673785533756, -1250.721435546875, -1250.7218017578125, -1250.72216796875, -1250.722412109375, -1250.72277832038525957614, -1250.72314453125, -1250.723388671875, -1250.7237548828125, -1250.72412109375, -1250.7244873046875, -1250.7247314470587298274, -1250.72509765494032762945, -1250.72546386645990423858, -1250.7257080078125, -1250.72607421918655745685, -1250.7264404296875, -1250.726806640625, -1250.72705078125, -1250.7274169921875, -1250.72778320283396169543, -1250.7281494140625, -1250.7283935555606149137, -1250.72875976708019152284, -1250.72912597496178932488, -1250.7293701171875, -1250.729736328125, -1250.7301025390625, -1250.73046875, -1250.73071289193467237055, -1250.7310791015625, -1250.73144531133584678173, -1250.73181152285542339087, -1250.7320556640625, -1250.732421875, -1250.7327880859375, -1250.7330322283087298274, -1250.7333984375, -1250.73376464770990423858, -1250.73413085922948084772, -1250.73437500043655745685, -1250.73474121195613406599, -1250.735107421875, -1250.7353515625, -1289.02670366326606199436, -1519.77698870499443728477, -1754.2640285398972537223, -1990.96823542839570109209, -2229.03230717292535700835, -2467.89024215927065597498, -2707.14437596448578915442, -2946.49958467412534446339, -3185.73955895865719867288, -3424.70487444528953346889, -3663.27956406372140918393, -3901.37944633664574212162, -4138.94974261590050446102, -4375.95045780074178765062, -4612.35791015625]
unitTests.x[4]=[-436.049285888671875, -548.73285163922491847188, -661.36963393978396652528, -773.93543234921060047782, -886.4051614165748560481, -998.75273821559085263289, -1110.95143104894236785185, -1222.97314119503585061466, -1250.7109375, -1250.71130371071922127157, -1250.7115478515625, -1250.71191406253637978807, -1250.7122802734375, -1250.71252441435353830457, -1250.712890625, -1250.71325683557370211929, -1250.713623046875, -1250.7138671875, -1250.7142333984375, -1250.714599609375, -1250.71496582013060105965, -1250.71520996133767766878, -1250.71557617194775957614, -1250.7159423825578414835, -1250.71618652376491809264, -1250.716552734375, -1250.7169189453125, -1250.71728515559516381472, -1250.717529296875, -1250.71789550832181703299, -1250.71826171802240423858, -1250.718505859375, -1250.71887207074905745685, -1250.71923828044964466244, -1250.71960449196922127157, -1250.71984863317629788071, -1250.72021484375, -1250.72058105439646169543, -1250.720947265625, -1250.7211914071231149137, -1250.72155761682370211929, -1250.721923828125, -1250.72216796955035533756, -1250.7225341796875, -1250.722900390625, -1250.7232666015625, -1250.7235107421875, -1250.72387695319775957614, -1250.7242431640625, -1250.72460937441792339087, -1250.724853515625, -1250.7252197265625, -1250.7255859375, -1250.7258300798712298274, -1250.7261962890625, -1250.72656249927240423858, -1250.72692871079198084772, -1250.72717285199905745685, -1250.72753906351863406599, -1250.7279052734375, -1250.7281494140625, -1250.728515625, -1250.72888183564646169543, -1250.729248046875, -1250.7294921883731149137, -1250.72985839989269152284, -1250.73022460777428932488, -1250.73059081929386593401, -1250.7308349609375, -1250.73120117202051915228, -1250.7315673828125, -1250.73181152474717237055, -1250.732177734375, -1250.73254394414834678173, -1250.73291015566792339087, -1250.733154296875, -1250.73352050839457660913, -1250.73388671875, -1250.7341308611212298274, -1250.7344970703125, -1250.73486328052240423858, -1250.73522949204198084772, -1250.73547363324905745685, -1365.38356346186446899083, -1597.62048765814688522369, -1832.96904123491822247161, -2070.20327312580275247456, -2308.58533539559584824019, -2547.61486017475999688031, -2786.93100646967241118546, -3026.26863683458168452489, -3265.43076954783964538365, -3504.27694539748290480929, -3742.70173390003492386313, -3980.63140430729299623636, -4218.01541928887672838755, -4454.8203315719983947929, -4691.02520382522561703809, -4926.62406282421034120489, -5161.61305738246846885886, -5395.9970703125]
