last-generated=2018-11-01
statistics-initialization=
{
  "numerical Jacobians": "1", 
  "nonlinear": "1, 1, 1, 1"
}
statistics-simulation=
{
  "numerical Jacobians": "0", 
  "nonlinear": " ", 
  "number of continuous time states": "2", 
  "linear": "0"
}
unitTests.x[1]=[0.29979091882705688477, 0.29979091882705688477, 0.29979091882705688477, 0.29979091882705688477, 0.29979091882705688477, 0.29979091882705688477, 0.29979091882705688477, 0.29979091882705688477, 0.29979091882705688477, 0.29979091882705688477, 0.29979091882705688477, 0.29979091882705688477, 0.29979091882705688477, 0.29979091882705688477, 0.29979091882705688477, 0.29979091882705688477, 0.29979091882705688477, 0.29979091882705688477, 0.29979091882705688477, 0.29979091882705688477, 0.29979091882705688477, 0.29979091882705688477, 0.29979091882705688477, 0.29979091882705688477, 0.29979091882705688477, 0.29979091882705688477, 0.29979091882705688477, 0.29979091882705688477, 0.29979091882705688477, 0.29979091882705688477, 0.29979091882705688477, 0.29979091882705688477, 0.29979091882705688477, 0.29979091882705688477, 0.29979091882705688477, 0.29979091882705688477, 0.29979091882705688477, 0.29979091882705688477, 0.29979091882705688477, 0.29979091882705688477, 0.29979091882705688477, 0.29979091882705688477, 0.29979091882705688477, 0.29979091882705688477, 0.29979091882705688477, 0.29979091882705688477, 0.29979091882705688477, 0.29979091882705688477, 0.29979091882705688477, 0.29979091882705688477, 0.29979091882705688477, 0.29979091882705688477, 0.29979091882705688477, 0.29979091882705688477, 0.29979091882705688477, 0.29979091882705688477, 0.29979091882705688477, 0.29979091882705688477, 0.29979091882705688477, 0.29979091882705688477, 0.29979091882705688477, 0.29979091882705688477, 0.29979091882705688477, 0.29979091882705688477, 0.29979091882705688477, 0.29979091882705688477, 0.29979091882705688477, 0.29979091882705688477, 0.29979091882705688477, 0.29979091882705688477, 0.29979091882705688477, 0.29979091882705688477, 0.29979091882705688477, 0.29979091882705688477, 0.29979091882705688477, 0.29979091882705688477, 0.29979091882705688477, 0.29979091882705688477, 0.29979091882705688477, 0.29979091882705688477, 0.29979091882705688477, 0.29979091882705688477, 0.29979091882705688477, 0.29979091882705688477, 0.29979091882705688477, 0.29979091882705688477, 0.29979091882705688477, 0.29979091882705688477, 0.29979091882705688477, 0.29979091882705688477, 0.29979091882705688477, 0.29979091882705688477, 0.29979091882705688477, 0.29979091882705688477, 0.29979091882705688477, 0.29979091882705688477, 0.29979091882705688477, 0.29979091882705688477, 0.29979091882705688477, 0.29979091882705688477, 0.29979091882705688477]
time=[0., 1.]
