last-generated=2017-10-18
statistics-simulation=
{
  "numerical Jacobians": "0", 
  "nonlinear": " ", 
  "number of continuous time states": "6", 
  "linear": "0, 0"
}
unitTests.x[1]=[1000000., 859872.62325249216519296169, 800004.43576014065183699131, 769388.99861428432632237673, 752948.81148928229231387377, 743900.25052505626808851957, 738899.18703715142328292131, 736114.18756513681728392839, 734522.12479693489149212837, 733610.00025648577138781548, 733105.18755830067675560713, 732827.99998841434717178345, 732669.06246957380790263414, 732573.06246528041083365679, 732517.00000258907675743103, 732483.12501341104507446289, 732472.18749832361936569214, 732471.12499972060322761536, 732473.56249865889549255371, 732477.18750126659870147705, 732482.31249860301613807678, 732486.00000122934579849243, 732486.87499996274709701538, 732485.750000782310962677, 732482.62499782070517539978, 732480.8125, 732479.68749910593032836914, 732478.81250100582838058472, 732478.06250007450580596924, 732477.56249947845935821533, 732477.18750037252902984619, 732476.93750007450580596924, 732476.6875, 732476.5, 732476.25000011175870895386, 732475.9999998137354850769, 732475.75000044703483581543, 732475.50000014901161193848, 732475.31249985098838806152, 732475.06249955296516418457, 732474.8125001862645149231, 732474.56249988824129104614, 732474.375, 732474.375, 732474.3125, 732474.3125, 732474.3125, 732474.25, 732474.25, 732474.25, 732474.25, 732474.1875, 732474.1875, 732474.1875, 732474.1875, 732474.125, 732474.125, 732474.125, 732474.0625, 732474.0625, 732474.0625, 732474.0625, 732474., 732474., 732474., 732473.99999925494194030762, 732473.9375, 732473.9375, 732473.9375, 732473.9375, 732473.9375, 732473.9375, 732473.9375, 732473.9375, 732473.9375, 732474., 732474., 732474., 732474., 732474., 732474., 732474., 732474., 732474., 732474., 732474., 732474., 732474., 732474., 732474., 732474., 732474., 732474., 732474., 732474., 732474., 732474., 732474., 732474., 732474., 732474.]
time=[0., 1.]
unitTests.x[2]=[1000000., 945995.81199329311493784189, 930878.81217003241181373596, 925837.87482944945804774761, 924087.31241788528859615326, 923449.50003010500222444534, 923246.62498851679265499115, 923172.87500177882611751556, 923122.31249312683939933777, 923098.6875044703483581543, 923096.43749986030161380768, 923096.56249990686774253845, 923094.87500008381903171539, 923094.31249895691871643066, 923092.25000011175870895386, 923091.5624998137354850769, 923092.68750033527612686157, 923093.81249983236193656921, 923094.62499955296516418457, 923095.06250014901161193848, 923095.49999990686774253845, 923095.6875, 923095.6875, 923095.56250013038516044617, 923095.31249983236193656921, 923095.1875, 923095.0625, 923095., 923095., 923094.9375, 923094.99999962747097015381, 923094.9375, 923094.9375, 923094.9375, 923094.9375, 923094.9375, 923094.9375, 923094.9375, 923094.875, 923094.875, 923094.875, 923094.875, 923094.875, 923094.875, 923094.875, 923094.875, 923094.875, 923094.875, 923094.875, 923094.875, 923094.875, 923094.875, 923094.875, 923094.875, 923094.875, 923094.875, 923094.875, 923094.875, 923094.875, 923094.875, 923094.875, 923094.875, 923094.875, 923094.875, 923094.875, 923094.875, 923094.875, 923094.875, 923094.875, 923094.875, 923094.875, 923094.875, 923094.875, 923094.875, 923094.875, 923094.875, 923094.875, 923094.875, 923094.875, 923094.875, 923094.875, 923094.875, 923094.875, 923094.875, 923094.875, 923094.875, 923094.875, 923094.875, 923094.875, 923094.875, 923094.875, 923094.875, 923094.875, 923094.875, 923094.875, 923094.875, 923094.875, 923094.875, 923094.875, 923094.875, 923094.875]
