last-generated=2017-10-26
statistics-initialization=
{
  "linear": "20"
}
statistics-simulation=
{
  "numerical Jacobians": "0", 
  "nonlinear": " ", 
  "number of continuous time states": "20", 
  "linear": " "
}
unitTests.x[1]=[36.341991424560546875, 36.341991424560546875, 36.341991424560546875, 36.341991424560546875, 36.341991424560546875, 36.341991424560546875, 36.341991424560546875, 36.341991424560546875, 36.341991424560546875, 36.341991424560546875, 36.341991424560546875, 36.341991424560546875, 36.341991424560546875, 36.341991424560546875, 36.341991424560546875, 36.341991424560546875, 36.341991424560546875, 36.341991424560546875, 36.341991424560546875, 36.341991424560546875, 36.341991424560546875, 36.341991424560546875, 36.341991424560546875, 36.341991424560546875, 36.341991424560546875, 36.341991424560546875, 36.341991424560546875, 36.341991424560546875, 36.341991424560546875, 36.341991424560546875, 36.341991424560546875, 36.341991424560546875, 36.341991424560546875, 36.341991424560546875, 36.341991424560546875, 36.341991424560546875, 36.341991424560546875, 36.341991424560546875, 36.341991424560546875, 36.341991424560546875, 36.341991424560546875, 36.341991424560546875, 36.341991424560546875, 36.341991424560546875, 36.341991424560546875, 36.341991424560546875, 36.341991424560546875, 36.341991424560546875, 36.341991424560546875, 36.341991424560546875, 36.341991424560546875, 36.341991424560546875, 36.341991424560546875, 36.341991424560546875, 36.341991424560546875, 36.341991424560546875, 36.341991424560546875, 36.341991424560546875, 36.341991424560546875, 36.341991424560546875, 36.341991424560546875, 36.341991424560546875, 36.341991424560546875, 36.341991424560546875, 36.341991424560546875, 36.341991424560546875, 36.341991424560546875, 36.341991424560546875, 36.341991424560546875, 36.341991424560546875, 36.341991424560546875, 36.341991424560546875, 36.341991424560546875, 36.341991424560546875, 36.341991424560546875, 36.341991424560546875, 36.341991424560546875, 36.341991424560546875, 36.341991424560546875, 36.341991424560546875, 36.341991424560546875, 36.341991424560546875, 36.341991424560546875, 36.341991424560546875, 36.341991424560546875, 36.341991424560546875, 36.341991424560546875, 36.341991424560546875, 36.341991424560546875, 36.341991424560546875, 36.341991424560546875, 36.341991424560546875, 36.341991424560546875, 36.341991424560546875, 36.341991424560546875, 36.341991424560546875, 36.341991424560546875, 36.341991424560546875, 36.341991424560546875, 36.341991424560546875, 36.341991424560546875]
time=[0., 1.]
