last-generated=2018-05-04
statistics-simulation=
{
  "numerical Jacobians": "0", 
  "nonlinear": " ", 
  "number of continuous time states": "35", 
  "linear": " "
}
unitTests.x[1]=[4081262.5, 4081262.5, 4081262.5, 4081262.5, 4081262.5, 4081262.5, 4081262.5, 4081262.5, 4081262.5, 4081262.5, 4081262.5, 4081262.5, 4081262.5, 4081262.5, 4081262.5, 4081262.5, 4081262.5, 4081262.5, 4081262.5, 4081262.5, 4081262.5, 4081262.5, 4081262.5, 4081262.5, 4081262.5, 4081262.5, 4081262.5, 4081262.5, 4081262.5, 4081262.5, 4081262.5, 4081262.5, 4081262.5, 4081262.5, 4081262.5, 4081262.5, 4081262.5, 4081262.5, 4081262.5, 4081262.5, 4081262.5, 4081262.5, 4081262.5, 4081262.5, 4081262.5, 4081262.5, 4081262.5, 4081262.5, 4081262.5, 4081262.5, 4081262.5, 4081262.5, 4081262.5, 4081262.5, 4081262.5, 4081262.5, 4081262.5, 4081262.5, 4081262.5, 4081262.5, 4081262.5, 4081262.5, 4081262.5, 4081262.5, 4081262.5, 4081262.5, 4081262.5, 4081262.5, 4081262.5, 4081262.5, 4081262.5, 4081262.5, 4081262.5, 4081262.5, 4081262.5, 4081262.5, 4081262.5, 4081262.5, 4081262.5, 4081262.5, 4081262.5, 4081262.5, 4081262.5, 4081262.5, 4081262.5, 4081262.5, 4081262.5, 4081262.5, 4081262.5, 4081262.5, 4081262.5, 4081262.5, 4081262.5, 4081262.5, 4081262.5, 4081262.5, 4081262.5, 4081262.5, 4081262.5, 4081262.5, 4081262.5]
time=[0., 1.]
unitTests.x[2]=[55541352., 55541352., 55541352., 55541352., 55541352., 55541352., 55541352., 55541352., 55541352., 55541352., 55541352., 55541352., 55541352., 55541352., 55541352., 55541352., 55541352., 55541352., 55541352., 55541352., 55541352., 55541352., 55541352., 55541352., 55541352., 55541352., 55541352., 55541352., 55541352., 55541352., 55541352., 55541352., 55541352., 55541352., 55541352., 55541352., 55541352., 55541352., 55541352., 55541352., 55541352., 55541352., 55541352., 55541352., 55541352., 55541352., 55541352., 55541352., 55541352., 55541352., 55541352., 55541352., 55541352., 55541352., 55541352., 55541352., 55541352., 55541352., 55541352., 55541352., 55541352., 55541352., 55541352., 55541352., 55541352., 55541352., 55541352., 55541352., 55541352., 55541352., 55541352., 55541352., 55541352., 55541352., 55541352., 55541352., 55541352., 55541352., 55541352., 55541352., 55541352., 55541352., 55541352., 55541352., 55541352., 55541352., 55541352., 55541352., 55541352., 55541352., 55541352., 55541352., 55541352., 55541352., 55541352., 55541352., 55541352., 55541352., 55541352., 55541352., 55541352.]
unitTests.x[3]=[793348032., 793348032., 793348032., 793348032., 793348032., 793348032., 793348032., 793348032., 793348032., 793348032., 793348032., 793348032., 793348032., 793348032., 793348032., 793348032., 793348032., 793348032., 793348032., 793348032., 793348032., 793348032., 793348032., 793348032., 793348032., 793348032., 793348032., 793348032., 793348032., 793348032., 793348032., 793348032., 793348032., 793348032., 793348032., 793348032., 793348032., 793348032., 793348032., 793348032., 793348032., 793348032., 793348032., 793348032., 793348032., 793348032., 793348032., 793348032., 793348032., 793348032., 793348032., 793348032., 793348032., 793348032., 793348032., 793348032., 793348032., 793348032., 793348032., 793348032., 793348032., 793348032., 793348032., 793348032., 793348032., 793348032., 793348032., 793348032., 793348032., 793348032., 793348032., 793348032., 793348032., 793348032., 793348032., 793348032., 793348032., 793348032., 793348032., 793348032., 793348032., 793348032., 793348032., 793348032., 793348032., 793348032., 793348032., 793348032., 793348032., 793348032., 793348032., 793348032., 793348032., 793348032., 793348032., 793348032., 793348032., 793348032., 793348032., 793348032., 793348032.]
unitTests.x[4]=[991473728., 991473728., 991473728., 991473728., 991473728., 991473728., 991473728., 991473728., 991473728., 991473728., 991473728., 991473728., 991473728., 991473728., 991473728., 991473728., 991473728., 991473728., 991473728., 991473728., 991473728., 991473728., 991473728., 991473728., 991473728., 991473728., 991473728., 991473728., 991473728., 991473728., 991473728., 991473728., 991473728., 991473728., 991473728., 991473728., 991473728., 991473728., 991473728., 991473728., 991473728., 991473728., 991473728., 991473728., 991473728., 991473728., 991473728., 991473728., 991473728., 991473728., 991473728., 991473728., 991473728., 991473728., 991473728., 991473728., 991473728., 991473728., 991473728., 991473728., 991473728., 991473728., 991473728., 991473728., 991473728., 991473728., 991473728., 991473728., 991473728., 991473728., 991473728., 991473728., 991473728., 991473728., 991473728., 991473728., 991473728., 991473728., 991473728., 991473728., 991473728., 991473728., 991473728., 991473728., 991473728., 991473728., 991473728., 991473728., 991473728., 991473728., 991473728., 991473728., 991473728., 991473728., 991473728., 991473728., 991473728., 991473728., 991473728., 991473728., 991473728.]
unitTests.x[5]=[4068547072., 4068547072., 4068547072., 4068547072., 4068547072., 4068547072., 4068547072., 4068547072., 4068547072., 4068547072., 4068547072., 4068547072., 4068547072., 4068547072., 4068547072., 4068547072., 4068547072., 4068547072., 4068547072., 4068547072., 4068547072., 4068547072., 4068547072., 4068547072., 4068547072., 4068547072., 4068547072., 4068547072., 4068547072., 4068547072., 4068547072., 4068547072., 4068547072., 4068547072., 4068547072., 4068547072., 4068547072., 4068547072., 4068547072., 4068547072., 4068547072., 4068547072., 4068547072., 4068547072., 4068547072., 4068547072., 4068547072., 4068547072., 4068547072., 4068547072., 4068547072., 4068547072., 4068547072., 4068547072., 4068547072., 4068547072., 4068547072., 4068547072., 4068547072., 4068547072., 4068547072., 4068547072., 4068547072., 4068547072., 4068547072., 4068547072., 4068547072., 4068547072., 4068547072., 4068547072., 4068547072., 4068547072., 4068547072., 4068547072., 4068547072., 4068547072., 4068547072., 4068547072., 4068547072., 4068547072., 4068547072., 4068547072., 4068547072., 4068547072., 4068547072., 4068547072., 4068547072., 4068547072., 4068547072., 4068547072., 4068547072., 4068547072., 4068547072., 4068547072., 4068547072., 4068547072., 4068547072., 4068547072., 4068547072., 4068547072., 4068547072.]
unitTests.x[6]=[1817650048., 1817650048., 1817650048., 1817650048., 1817650048., 1817650048., 1817650048., 1817650048., 1817650048., 1817650048., 1817650048., 1817650048., 1817650048., 1817650048., 1817650048., 1817650048., 1817650048., 1817650048., 1817650048., 1817650048., 1817650048., 1817650048., 1817650048., 1817650048., 1817650048., 1817650048., 1817650048., 1817650048., 1817650048., 1817650048., 1817650048., 1817650048., 1817650048., 1817650048., 1817650048., 1817650048., 1817650048., 1817650048., 1817650048., 1817650048., 1817650048., 1817650048., 1817650048., 1817650048., 1817650048., 1817650048., 1817650048., 1817650048., 1817650048., 1817650048., 1817650048., 1817650048., 1817650048., 1817650048., 1817650048., 1817650048., 1817650048., 1817650048., 1817650048., 1817650048., 1817650048., 1817650048., 1817650048., 1817650048., 1817650048., 1817650048., 1817650048., 1817650048., 1817650048., 1817650048., 1817650048., 1817650048., 1817650048., 1817650048., 1817650048., 1817650048., 1817650048., 1817650048., 1817650048., 1817650048., 1817650048., 1817650048., 1817650048., 1817650048., 1817650048., 1817650048., 1817650048., 1817650048., 1817650048., 1817650048., 1817650048., 1817650048., 1817650048., 1817650048., 1817650048., 1817650048., 1817650048., 1817650048., 1817650048., 1817650048., 1817650048.]
unitTests.x[7]=[1576.9857177734375, 1576.9857177734375, 1576.9857177734375, 1576.9857177734375, 1576.9857177734375, 1576.9857177734375, 1576.9857177734375, 1576.9857177734375, 1576.9857177734375, 1576.9857177734375, 1576.9857177734375, 1576.9857177734375, 1576.9857177734375, 1576.9857177734375, 1576.9857177734375, 1576.9857177734375, 1576.9857177734375, 1576.9857177734375, 1576.9857177734375, 1576.9857177734375, 1576.9857177734375, 1576.9857177734375, 1576.9857177734375, 1576.9857177734375, 1576.9857177734375, 1576.9857177734375, 1576.9857177734375, 1576.9857177734375, 1576.9857177734375, 1576.9857177734375, 1576.9857177734375, 1576.9857177734375, 1576.9857177734375, 1576.9857177734375, 1576.9857177734375, 1576.9857177734375, 1576.9857177734375, 1576.9857177734375, 1576.9857177734375, 1576.9857177734375, 1576.9857177734375, 1576.9857177734375, 1576.9857177734375, 1576.9857177734375, 1576.9857177734375, 1576.9857177734375, 1576.9857177734375, 1576.9857177734375, 1576.9857177734375, 1576.9857177734375, 1576.9857177734375, 1576.9857177734375, 1576.9857177734375, 1576.9857177734375, 1576.9857177734375, 1576.9857177734375, 1576.9857177734375, 1576.9857177734375, 1576.9857177734375, 1576.9857177734375, 1576.9857177734375, 1576.9857177734375, 1576.9857177734375, 1576.9857177734375, 1576.9857177734375, 1576.9857177734375, 1576.9857177734375, 1576.9857177734375, 1576.9857177734375, 1576.9857177734375, 1576.9857177734375, 1576.9857177734375, 1576.9857177734375, 1576.9857177734375, 1576.9857177734375, 1576.9857177734375, 1576.9857177734375, 1576.9857177734375, 1576.9857177734375, 1576.9857177734375, 1576.9857177734375, 1576.9857177734375, 1576.9857177734375, 1576.9857177734375, 1576.9857177734375, 1576.9857177734375, 1576.9857177734375, 1576.9857177734375, 1576.9857177734375, 1576.9857177734375, 1576.9857177734375, 1576.9857177734375, 1576.9857177734375, 1576.9857177734375, 1576.9857177734375, 1576.9857177734375, 1576.9857177734375, 1576.9857177734375, 1576.9857177734375, 1576.9857177734375, 1576.9857177734375]
unitTests.x[8]=[13353.572265625, 13353.572265625, 13353.572265625, 13353.572265625, 13353.572265625, 13353.572265625, 13353.572265625, 13353.572265625, 13353.572265625, 13353.572265625, 13353.572265625, 13353.572265625, 13353.572265625, 13353.572265625, 13353.572265625, 13353.572265625, 13353.572265625, 13353.572265625, 13353.572265625, 13353.572265625, 13353.572265625, 13353.572265625, 13353.572265625, 13353.572265625, 13353.572265625, 13353.572265625, 13353.572265625, 13353.572265625, 13353.572265625, 13353.572265625, 13353.572265625, 13353.572265625, 13353.572265625, 13353.572265625, 13353.572265625, 13353.572265625, 13353.572265625, 13353.572265625, 13353.572265625, 13353.572265625, 13353.572265625, 13353.572265625, 13353.572265625, 13353.572265625, 13353.572265625, 13353.572265625, 13353.572265625, 13353.572265625, 13353.572265625, 13353.572265625, 13353.572265625, 13353.572265625, 13353.572265625, 13353.572265625, 13353.572265625, 13353.572265625, 13353.572265625, 13353.572265625, 13353.572265625, 13353.572265625, 13353.572265625, 13353.572265625, 13353.572265625, 13353.572265625, 13353.572265625, 13353.572265625, 13353.572265625, 13353.572265625, 13353.572265625, 13353.572265625, 13353.572265625, 13353.572265625, 13353.572265625, 13353.572265625, 13353.572265625, 13353.572265625, 13353.572265625, 13353.572265625, 13353.572265625, 13353.572265625, 13353.572265625, 13353.572265625, 13353.572265625, 13353.572265625, 13353.572265625, 13353.572265625, 13353.572265625, 13353.572265625, 13353.572265625, 13353.572265625, 13353.572265625, 13353.572265625, 13353.572265625, 13353.572265625, 13353.572265625, 13353.572265625, 13353.572265625, 13353.572265625, 13353.572265625, 13353.572265625, 13353.572265625]
unitTests.x[9]=[214831.921875, 214831.921875, 214831.921875, 214831.921875, 214831.921875, 214831.921875, 214831.921875, 214831.921875, 214831.921875, 214831.921875, 214831.921875, 214831.921875, 214831.921875, 214831.921875, 214831.921875, 214831.921875, 214831.921875, 214831.921875, 214831.921875, 214831.921875, 214831.921875, 214831.921875, 214831.921875, 214831.921875, 214831.921875, 214831.921875, 214831.921875, 214831.921875, 214831.921875, 214831.921875, 214831.921875, 214831.921875, 214831.921875, 214831.921875, 214831.921875, 214831.921875, 214831.921875, 214831.921875, 214831.921875, 214831.921875, 214831.921875, 214831.921875, 214831.921875, 214831.921875, 214831.921875, 214831.921875, 214831.921875, 214831.921875, 214831.921875, 214831.921875, 214831.921875, 214831.921875, 214831.921875, 214831.921875, 214831.921875, 214831.921875, 214831.921875, 214831.921875, 214831.921875, 214831.921875, 214831.921875, 214831.921875, 214831.921875, 214831.921875, 214831.921875, 214831.921875, 214831.921875, 214831.921875, 214831.921875, 214831.921875, 214831.921875, 214831.921875, 214831.921875, 214831.921875, 214831.921875, 214831.921875, 214831.921875, 214831.921875, 214831.921875, 214831.921875, 214831.921875, 214831.921875, 214831.921875, 214831.921875, 214831.921875, 214831.921875, 214831.921875, 214831.921875, 214831.921875, 214831.921875, 214831.921875, 214831.921875, 214831.921875, 214831.921875, 214831.921875, 214831.921875, 214831.921875, 214831.921875, 214831.921875, 214831.921875, 214831.921875]
unitTests.x[10]=[2910248., 2910248., 2910248., 2910248., 2910248., 2910248., 2910248., 2910248., 2910248., 2910248., 2910248., 2910248., 2910248., 2910248., 2910248., 2910248., 2910248., 2910248., 2910248., 2910248., 2910248., 2910248., 2910248., 2910248., 2910248., 2910248., 2910248., 2910248., 2910248., 2910248., 2910248., 2910248., 2910248., 2910248., 2910248., 2910248., 2910248., 2910248., 2910248., 2910248., 2910248., 2910248., 2910248., 2910248., 2910248., 2910248., 2910248., 2910248., 2910248., 2910248., 2910248., 2910248., 2910248., 2910248., 2910248., 2910248., 2910248., 2910248., 2910248., 2910248., 2910248., 2910248., 2910248., 2910248., 2910248., 2910248., 2910248., 2910248., 2910248., 2910248., 2910248., 2910248., 2910248., 2910248., 2910248., 2910248., 2910248., 2910248., 2910248., 2910248., 2910248., 2910248., 2910248., 2910248., 2910248., 2910248., 2910248., 2910248., 2910248., 2910248., 2910248., 2910248., 2910248., 2910248., 2910248., 2910248., 2910248., 2910248., 2910248., 2910248., 2910248.]
unitTests.x[11]=[22975210., 22975210., 22975210., 22975210., 22975210., 22975210., 22975210., 22975210., 22975210., 22975210., 22975210., 22975210., 22975210., 22975210., 22975210., 22975210., 22975210., 22975210., 22975210., 22975210., 22975210., 22975210., 22975210., 22975210., 22975210., 22975210., 22975210., 22975210., 22975210., 22975210., 22975210., 22975210., 22975210., 22975210., 22975210., 22975210., 22975210., 22975210., 22975210., 22975210., 22975210., 22975210., 22975210., 22975210., 22975210., 22975210., 22975210., 22975210., 22975210., 22975210., 22975210., 22975210., 22975210., 22975210., 22975210., 22975210., 22975210., 22975210., 22975210., 22975210., 22975210., 22975210., 22975210., 22975210., 22975210., 22975210., 22975210., 22975210., 22975210., 22975210., 22975210., 22975210., 22975210., 22975210., 22975210., 22975210., 22975210., 22975210., 22975210., 22975210., 22975210., 22975210., 22975210., 22975210., 22975210., 22975210., 22975210., 22975210., 22975210., 22975210., 22975210., 22975210., 22975210., 22975210., 22975210., 22975210., 22975210., 22975210., 22975210., 22975210., 22975210.]
unitTests.x[12]=[125324192., 125324192., 125324192., 125324192., 125324192., 125324192., 125324192., 125324192., 125324192., 125324192., 125324192., 125324192., 125324192., 125324192., 125324192., 125324192., 125324192., 125324192., 125324192., 125324192., 125324192., 125324192., 125324192., 125324192., 125324192., 125324192., 125324192., 125324192., 125324192., 125324192., 125324192., 125324192., 125324192., 125324192., 125324192., 125324192., 125324192., 125324192., 125324192., 125324192., 125324192., 125324192., 125324192., 125324192., 125324192., 125324192., 125324192., 125324192., 125324192., 125324192., 125324192., 125324192., 125324192., 125324192., 125324192., 125324192., 125324192., 125324192., 125324192., 125324192., 125324192., 125324192., 125324192., 125324192., 125324192., 125324192., 125324192., 125324192., 125324192., 125324192., 125324192., 125324192., 125324192., 125324192., 125324192., 125324192., 125324192., 125324192., 125324192., 125324192., 125324192., 125324192., 125324192., 125324192., 125324192., 125324192., 125324192., 125324192., 125324192., 125324192., 125324192., 125324192., 125324192., 125324192., 125324192., 125324192., 125324192., 125324192., 125324192., 125324192., 125324192.]
unitTests.x[13]=[403985536., 403985536., 403985536., 403985536., 403985536., 403985536., 403985536., 403985536., 403985536., 403985536., 403985536., 403985536., 403985536., 403985536., 403985536., 403985536., 403985536., 403985536., 403985536., 403985536., 403985536., 403985536., 403985536., 403985536., 403985536., 403985536., 403985536., 403985536., 403985536., 403985536., 403985536., 403985536., 403985536., 403985536., 403985536., 403985536., 403985536., 403985536., 403985536., 403985536., 403985536., 403985536., 403985536., 403985536., 403985536., 403985536., 403985536., 403985536., 403985536., 403985536., 403985536., 403985536., 403985536., 403985536., 403985536., 403985536., 403985536., 403985536., 403985536., 403985536., 403985536., 403985536., 403985536., 403985536., 403985536., 403985536., 403985536., 403985536., 403985536., 403985536., 403985536., 403985536., 403985536., 403985536., 403985536., 403985536., 403985536., 403985536., 403985536., 403985536., 403985536., 403985536., 403985536., 403985536., 403985536., 403985536., 403985536., 403985536., 403985536., 403985536., 403985536., 403985536., 403985536., 403985536., 403985536., 403985536., 403985536., 403985536., 403985536., 403985536., 403985536.]
unitTests.x[14]=[2676780544., 2676780544., 2676780544., 2676780544., 2676780544., 2676780544., 2676780544., 2676780544., 2676780544., 2676780544., 2676780544., 2676780544., 2676780544., 2676780544., 2676780544., 2676780544., 2676780544., 2676780544., 2676780544., 2676780544., 2676780544., 2676780544., 2676780544., 2676780544., 2676780544., 2676780544., 2676780544., 2676780544., 2676780544., 2676780544., 2676780544., 2676780544., 2676780544., 2676780544., 2676780544., 2676780544., 2676780544., 2676780544., 2676780544., 2676780544., 2676780544., 2676780544., 2676780544., 2676780544., 2676780544., 2676780544., 2676780544., 2676780544., 2676780544., 2676780544., 2676780544., 2676780544., 2676780544., 2676780544., 2676780544., 2676780544., 2676780544., 2676780544., 2676780544., 2676780544., 2676780544., 2676780544., 2676780544., 2676780544., 2676780544., 2676780544., 2676780544., 2676780544., 2676780544., 2676780544., 2676780544., 2676780544., 2676780544., 2676780544., 2676780544., 2676780544., 2676780544., 2676780544., 2676780544., 2676780544., 2676780544., 2676780544., 2676780544., 2676780544., 2676780544., 2676780544., 2676780544., 2676780544., 2676780544., 2676780544., 2676780544., 2676780544., 2676780544., 2676780544., 2676780544., 2676780544., 2676780544., 2676780544., 2676780544., 2676780544., 2676780544.]
unitTests.x[15]=[7667953152., 7667953152., 7667953152., 7667953152., 7667953152., 7667953152., 7667953152., 7667953152., 7667953152., 7667953152., 7667953152., 7667953152., 7667953152., 7667953152., 7667953152., 7667953152., 7667953152., 7667953152., 7667953152., 7667953152., 7667953152., 7667953152., 7667953152., 7667953152., 7667953152., 7667953152., 7667953152., 7667953152., 7667953152., 7667953152., 7667953152., 7667953152., 7667953152., 7667953152., 7667953152., 7667953152., 7667953152., 7667953152., 7667953152., 7667953152., 7667953152., 7667953152., 7667953152., 7667953152., 7667953152., 7667953152., 7667953152., 7667953152., 7667953152., 7667953152., 7667953152., 7667953152., 7667953152., 7667953152., 7667953152., 7667953152., 7667953152., 7667953152., 7667953152., 7667953152., 7667953152., 7667953152., 7667953152., 7667953152., 7667953152., 7667953152., 7667953152., 7667953152., 7667953152., 7667953152., 7667953152., 7667953152., 7667953152., 7667953152., 7667953152., 7667953152., 7667953152., 7667953152., 7667953152., 7667953152., 7667953152., 7667953152., 7667953152., 7667953152., 7667953152., 7667953152., 7667953152., 7667953152., 7667953152., 7667953152., 7667953152., 7667953152., 7667953152., 7667953152., 7667953152., 7667953152., 7667953152., 7667953152., 7667953152., 7667953152., 7667953152.]
unitTests.x[16]=[13581375488., 13581375488., 13581375488., 13581375488., 13581375488., 13581375488., 13581375488., 13581375488., 13581375488., 13581375488., 13581375488., 13581375488., 13581375488., 13581375488., 13581375488., 13581375488., 13581375488., 13581375488., 13581375488., 13581375488., 13581375488., 13581375488., 13581375488., 13581375488., 13581375488., 13581375488., 13581375488., 13581375488., 13581375488., 13581375488., 13581375488., 13581375488., 13581375488., 13581375488., 13581375488., 13581375488., 13581375488., 13581375488., 13581375488., 13581375488., 13581375488., 13581375488., 13581375488., 13581375488., 13581375488., 13581375488., 13581375488., 13581375488., 13581375488., 13581375488., 13581375488., 13581375488., 13581375488., 13581375488., 13581375488., 13581375488., 13581375488., 13581375488., 13581375488., 13581375488., 13581375488., 13581375488., 13581375488., 13581375488., 13581375488., 13581375488., 13581375488., 13581375488., 13581375488., 13581375488., 13581375488., 13581375488., 13581375488., 13581375488., 13581375488., 13581375488., 13581375488., 13581375488., 13581375488., 13581375488., 13581375488., 13581375488., 13581375488., 13581375488., 13581375488., 13581375488., 13581375488., 13581375488., 13581375488., 13581375488., 13581375488., 13581375488., 13581375488., 13581375488., 13581375488., 13581375488., 13581375488., 13581375488., 13581375488., 13581375488., 13581375488.]
unitTests.x[17]=[702327226368., 702327226368., 702327226368., 702327226368., 702327226368., 702327226368., 702327226368., 702327226368., 702327226368., 702327226368., 702327226368., 702327226368., 702327226368., 702327226368., 702327226368., 702327226368., 702327226368., 702327226368., 702327226368., 702327226368., 702327226368., 702327226368., 702327226368., 702327226368., 702327226368., 702327226368., 702327226368., 702327226368., 702327226368., 702327226368., 702327226368., 702327226368., 702327226368., 702327226368., 702327226368., 702327226368., 702327226368., 702327226368., 702327226368., 702327226368., 702327226368., 702327226368., 702327226368., 702327226368., 702327226368., 702327226368., 702327226368., 702327226368., 702327226368., 702327226368., 702327226368., 702327226368., 702327226368., 702327226368., 702327226368., 702327226368., 702327226368., 702327226368., 702327226368., 702327226368., 702327226368., 702327226368., 702327226368., 702327226368., 702327226368., 702327226368., 702327226368., 702327226368., 702327226368., 702327226368., 702327226368., 702327226368., 702327226368., 702327226368., 702327226368., 702327226368., 702327226368., 702327226368., 702327226368., 702327226368., 702327226368., 702327226368., 702327226368., 702327226368., 702327226368., 702327226368., 702327226368., 702327226368., 702327226368., 702327226368., 702327226368., 702327226368., 702327226368., 702327226368., 702327226368., 702327226368., 702327226368., 702327226368., 702327226368., 702327226368., 702327226368.]
