last-generated=2017-11-03
statistics-initialization=
{
  "numerical Jacobians": "1", 
  "nonlinear": "9"
}
statistics-simulation=
{
  "numerical Jacobians": "1", 
  "nonlinear": "9", 
  "number of continuous time states": "33", 
  "linear": "0, 0, 0, 0, 0, 0, 0, 0, 0, 0, 0, 0, 0, 0, 0, 0, 0, 0, 0, 0, 0, 0"
}
unitTests.x[1]=[71791.2734375, 77545.28125, 83405.7734375, 89866.8203125, 96081.9453125, 101498.4453125, 105982.7734375, 109558.078125, 112336.578125, 114477.2265625, 116127.9609375, 117401.0703125, 118386.890625, 119162.640625, 119769.09375, 120242.015625, 120613.0703125, 120901.4140625, 121119.15625, 121282.5703125, 121407.125, 121497.765625, 121570.21875, 121635.8125, 121684.9296875, 121732.8125, 131786.40625, 131471.5, 128049.77343749998544808477, 124158.98437500001455191523, 121126.5390625, 119082.7265625, 117831.9765625, 117059.03125, 116600.1640625, 116336.9765625, 116184.8359375, 116108.4296875, 116079.625, 116078.4140625, 116086.9140625, 116081.5078125, 116074.1796875, 116067.6640625, 116063.140625, 116059.5234375, 116056.96875, 116055.40625, 116054.3203125, 116053.625, 116053.4609375, 117003.171875, 117793.3359375, 118405.03125, 118858.875, 119165.921875, 119377.78125, 119500.421875, 119571.03125, 119599.359375, 119605.7890625, 119594.6015625, 119578.984375, 119570.640625, 119568.2265625, 119569.203125, 119574.09375, 119578.875, 119582.3515625, 119586.3828125, 119589.875, 119591.4375, 119592.9921875, 119594.546875, 119596.1015625, 119597.6640625, 120330.6796875, 120959.2109375, 121464.8515625, 121857.34375, 122142.0859375, 122349.421875, 122484.5625, 122572.1484375, 122618.8203125, 122638.9140625, 122642.2890625, 122647.15625, 122655.1484375, 122659.3984375, 122661.0859375, 122664.140625, 122666.0703125, 122666.8984375, 122668.296875, 122669.421875, 122670.25, 122671., 122671.671875, 122672.1953125, 122672.5859375]
time=[0., 200.]
unitTests.x[2]=[71791.2734375, 78070.859375, 84229.2734375, 90411.4765625, 96646.0234375, 102781.359375, 108663.046875, 114137.9140625, 119115.828125, 123542.703125, 127409.3125, 130731.484375, 133553.859375, 135926.71875, 137915.125, 139571.34375, 140947.546875, 142086.5, 143015.6875, 143770.140625, 144383.765625, 144873.34375, 145273.296875, 145610.96875, 145880.390625, 146115.125, 127422.6796875, 117199.015625, 111678.96874999998544808477, 108965.57812500001455191523, 107631.9609375, 107016.2265625, 106737.71875, 106589.78125, 106484.1953125, 106425.1640625, 106392.90625, 106378.3125, 106374.4453125, 106376.1171875, 106378.8828125, 106378.3203125, 106376.765625, 106375.28125, 106374.3046875, 106373.453125, 106372.90625, 106372.5703125, 106372.3515625, 106372.21875, 106372.203125, 107138.78125, 107603.546875, 107889.703125, 108052.484375, 108120.9296875, 108162.0234375, 108169.265625, 108169.1171875, 108161.421875, 108154.0546875, 108144.53125, 108136.609375, 108132.8046875, 108131.15625, 108131.7265625, 108134.8046875, 108137.5859375, 108139.2578125, 108141.109375, 108142.6015625, 108143.109375, 108143.625, 108144.140625, 108144.65625, 108145.171875, 108747.578125, 109133.3515625, 109383.5703125, 109536.9140625, 109613.7578125, 109663.3046875, 109681.765625, 109690.0703125, 109686.859375, 109677.8359375, 109666.9140625, 109661.140625, 109661.0390625, 109663.9921875, 109668.7421875, 109671.0078125, 109673.4921875, 109676.1953125, 109677.921875, 109679.2734375, 109680.2734375, 109681.0625, 109681.6484375, 109681.9765625, 109682.0625]
