last-generated=2017-10-26
statistics-initialization=
{
  "linear": "100"
}
statistics-simulation=
{
  "numerical Jacobians": "0", 
  "nonlinear": " ", 
  "number of continuous time states": "100", 
  "linear": " "
}
unitTests.x[1]=[361.0174560546875, 361.0174560546875, 361.0174560546875, 361.0174560546875, 361.0174560546875, 361.0174560546875, 361.0174560546875, 361.0174560546875, 361.0174560546875, 361.0174560546875, 361.0174560546875, 361.0174560546875, 361.0174560546875, 361.0174560546875, 361.0174560546875, 361.0174560546875, 361.0174560546875, 361.0174560546875, 361.0174560546875, 361.0174560546875, 361.0174560546875, 361.0174560546875, 361.0174560546875, 361.0174560546875, 361.0174560546875, 361.0174560546875, 361.0174560546875, 361.0174560546875, 361.0174560546875, 361.0174560546875, 361.0174560546875, 361.0174560546875, 361.0174560546875, 361.0174560546875, 361.0174560546875, 361.0174560546875, 361.0174560546875, 361.0174560546875, 361.0174560546875, 361.0174560546875, 361.0174560546875, 361.0174560546875, 361.0174560546875, 361.0174560546875, 361.0174560546875, 361.0174560546875, 361.0174560546875, 361.0174560546875, 361.0174560546875, 361.0174560546875, 361.0174560546875, 361.0174560546875, 361.0174560546875, 361.0174560546875, 361.0174560546875, 361.0174560546875, 361.0174560546875, 361.0174560546875, 361.0174560546875, 361.0174560546875, 361.0174560546875, 361.0174560546875, 361.0174560546875, 361.0174560546875, 361.0174560546875, 361.0174560546875, 361.0174560546875, 361.0174560546875, 361.0174560546875, 361.0174560546875, 361.0174560546875, 361.0174560546875, 361.0174560546875, 361.0174560546875, 361.0174560546875, 361.0174560546875, 361.0174560546875, 361.0174560546875, 361.0174560546875, 361.0174560546875, 361.0174560546875, 361.0174560546875, 361.0174560546875, 361.0174560546875, 361.0174560546875, 361.0174560546875, 361.0174560546875, 361.0174560546875, 361.0174560546875, 361.0174560546875, 361.0174560546875, 361.0174560546875, 361.0174560546875, 361.0174560546875, 361.0174560546875, 361.0174560546875, 361.0174560546875, 361.0174560546875, 361.0174560546875, 361.0174560546875, 361.0174560546875]
time=[0., 10.]
