last-generated=2017-10-27
statistics-initialization=
{
  "numerical Jacobians": "1", 
  "nonlinear": "82"
}
statistics-simulation=
{
  "numerical Jacobians": "0", 
  "nonlinear": "1, 1, 1, 1, 1, 1, 1, 1, 1, 1, 1, 1, 1, 1, 1, 1, 1, 1, 1, 1, 1, 1", 
  "number of continuous time states": "104", 
  "linear": "2, 2, 2, 2, 2, 2, 2, 2, 2, 2, 2, 2, 2, 2, 2, 2, 2, 2, 2, 2"
}
unitTests.x[1]=[294.553314208984375, 294.553314208984375, 294.553314208984375, 294.553314208984375, 294.553314208984375, 294.553314208984375, 294.553314208984375, 294.553314208984375, 294.553314208984375, 294.553314208984375, 294.553314208984375, 294.553314208984375, 294.553314208984375, 294.553314208984375, 294.553314208984375, 294.553314208984375, 294.553314208984375, 294.553314208984375, 294.553314208984375, 294.553314208984375, 294.553314208984375, 294.55331420912989415228, 295.13864019770591085035, 306.67166621852550179028, 312.47597779286559216416, 315.870361328125, 317.19171331986035511363, 319.4121082906630135767, 320.72000185909627134606, 322.06408567743955018159, 323.09783935546875, 324.04693694305109374909, 324.95111042489548935919, 325.80059853714232076527, 326.606932840396609663, 327.3724365234375, 328.10440131463172974691, 328.80703702187713588501, 329.48819001609837187061, 330.15112242128759589832, 330.796478271484375, 331.42416440538420374651, 332.03189200768355249238, 332.62209971772864491868, 333.19567816975126106627, 333.7529296875, 334.28698779887099590269, 334.79300020035680063302, 335.26983554073291315945, 335.71630817814690317391, 336.1353759765625, 336.52514683551305552101, 336.87948671815746592983, 337.19747866917111878138, 337.47592138085724400298, 337.7109375, 337.89965835592028042811, 338.04156516055832071288, 338.13833603175572761756, 338.18930050742341109071, 338.1905517578125, 338.14453118073282666955, 338.05361915921071158664, 337.91516143607469757626, 337.72683735640038094061, 337.48907470703125, 337.20519990340079630187, 336.88363581744425800935, 336.5209663034772802348, 336.11389200625166040481, 335.663543701171875, 335.17852735079895865056, 334.65798846178125813822, 334.09774889587527013646, 333.50531063630535300035, 332.88323974609375, 332.23516782678717618182, 331.56500113668028006941, 330.8715833714826430878, 330.16220161065638194486, 329.434967041015625, 328.69143960513662250378, 327.94039772349464101353, 327.17724755851224927028, 326.4087495095534450229, 325.63800048828125, 324.8620024802415287013, 324.0887131240789358344, 323.31482081263203554045, 322.54220288044029985031, 321.775421142578125, 321.01187424529672398421, 320.25619363822988816537, 319.50921772766406547817, 318.76983364759320238591, 318.046295166015625, 317.33478052756635179321, 316.63528310341757787683, 315.94778572590371368278, 315.27233631775027333788, 314.6085205078125]
time=[0., 10.]
unitTests.x[2]=[297.098388671875, 297.098388671875, 297.098388671875, 297.098388671875, 297.098388671875, 297.098388671875, 297.098388671875, 297.098388671875, 297.098388671875, 297.098388671875, 297.098388671875, 297.098388671875, 297.098388671875, 297.098388671875, 297.098388671875, 297.098388671875, 297.098388671875, 297.098388671875, 297.098388671875, 297.098388671875, 297.098388671875, 297.09838867303915321827, 297.81616078755052967608, 314.7839643202589172688, 316.15117860817758810299, 320.12591552734375, 322.69534238646093626812, 324.35800105407480486974, 325.97476249418156157844, 327.03738317158342852053, 328.134674072265625, 329.15078818894187406841, 330.03219563215640164344, 330.8656619998804444549, 331.63626027139184770931, 332.35430908203125, 333.02694763790407250781, 333.65774506672431698462, 334.25289944349816551039, 334.81368966371468331999, 335.339447021484375, 335.828186477389351694, 336.27597126807165750506, 336.68466111551896347009, 337.05459560893325487996, 337.384765625, 337.66580224002268550976, 337.89257849520106447017, 338.06402559543465713432, 338.18038931261969537445, 338.24554443359375, 338.25741574863786809146, 338.21002181549539500338, 338.10418725822842134221, 337.93963640989403529602, 337.714630126953125, 337.42776458349516133239, 337.08166431990616729308, 336.68310626997919143832, 336.23095748206878852216, 335.72723388671875, 335.17352239770065125413, 334.57705569529093736492, 333.93734866182904852394, 333.25705022527898790941, 332.53662109375, 331.78259204118444358755, 331.00506440689645160091, 330.20352327509465339972, 329.37847979975123280383, 328.5301513671875, 327.66671669852723880467, 326.79067824652724993939, 325.90274217847201043696, 325.00668420744557352009, 324.105712890625, 323.20397863493337808904, 322.30605908116393720775, 321.41055468458381483288, 320.5238961062285625303, 319.6444091796875, 318.77328820367722528317, 317.917326261850348601, 317.07303016600025102889, 316.24557184237187357212, 315.437408447265625, 314.64615167402797624163, 313.87429664491037328844, 313.1208815498068247507, 312.38619719452015033312, 311.671234130859375, 310.97543597471479870364, 310.30004756388353825969, 309.6452649052670835772, 309.01067877868968025723, 308.39642333984375, 307.80246195133781839104, 307.22872817705041370573, 306.67529400889708313116, 306.14211837416405614931, 305.62908935546875]
unitTests.x[3]=[299.64324951171875, 299.64324951171875, 299.64324951171875, 299.64324951171875, 299.64324951171875, 299.64324951171875, 299.64324951171875, 299.64324951171875, 299.64324951171875, 299.64324951171875, 299.64324951171875, 299.64324951171875, 299.64324951171875, 299.64324951171875, 299.64324951171875, 299.64324951171875, 299.64324951171875, 299.64324951171875, 299.64324951171875, 299.64324951171875, 299.64324951171875, 299.64358522748807445168, 303.05718454300438224891, 316.78052322376419169814, 319.55053398303851963647, 324.94921875, 328.12399450506353559831, 328.96481217245934658422, 330.9142465303893914097, 332.01827871918669643492, 333.122406005859375, 334.01309286916591645422, 334.82705651732942442322, 335.55850252155534008125, 336.20501650398307447176, 336.77093505859375, 337.26293988080618646563, 337.68356304441095971924, 338.03649917201266816846, 338.32064794859593348519, 338.5341796875, 338.67404183681361473646, 338.7366028172546634778, 338.7256165319122942492, 338.64175425778387307219, 338.484466552734375, 338.24587985323131533733, 337.92623831110472565342, 337.52612386905900621059, 337.05288743932078432408, 336.51324462890625, 335.90701232259687003534, 335.23321397841078805868, 334.49951316404758472345, 333.70938187796929241813, 332.86553955078125, 331.97149570280367925079, 331.03573426732157258812, 330.07055850589125611805, 329.07425022669576719636, 328.053863525390625, 327.01055808289578408221, 325.95684611744752601226, 324.89248860342388525169, 323.82302958730821274003, 322.748748779296875, 321.67739766577045656959, 320.61593426560091302235, 319.56454667425902016475, 318.52414039251840449651, 317.494171142578125, 316.4812002166863749153, 315.48800472216504431344, 314.51617615285971396588, 313.56692594566351317553, 312.6417236328125, 311.74249183453423484025, 310.87136677809604634604, 310.02771154913506279627, 309.21295242616980658568, 308.42669677734375, 307.66900919278157289227, 306.94048936615774891834, 306.24081552124607696896, 305.57342282734867922045, 304.939910888671875, 304.33871684346337360694, 303.75985610353660604233, 303.20739849439087265637, 302.67855636477355574243, 302.166351318359375, 301.67471497874214492185, 301.20547398507721936767, 300.75897300264750811039, 300.33444055778801384804, 299.928009033203125, 299.54147483277091623677, 299.17483452872056659544, 298.82809512880317015515, 298.50128053690264096076, 298.194061279296875]
unitTests.x[4]=[302.18756103515625, 302.18756103515625, 302.18756103515625, 302.18756103515625, 302.18756103515625, 302.18756103515625, 302.18756103515625, 302.18756103515625, 302.18756103515625, 302.18756103515625, 302.18756103515625, 302.18756103515625, 302.18756103515625, 302.18756103515625, 302.18756103515625, 302.18756103515625, 302.18756103515625, 302.18756103515625, 302.18756103515625, 302.18756103515625, 302.18756103515625, 302.19537387698107977485, 312.04485060008784103047, 319.28360458136467059376, 324.52011460584225233106, 330.074737548828125, 333.26617481539187792805, 333.58886679161474830835, 335.36544836715654582804, 336.47491399344238516278, 337.3492431640625, 338.04245050763762492352, 338.58233619717043438868, 338.99304214731108686465, 339.26235941439500720662, 339.394744873046875, 339.3964232675206744716, 339.27087410580139703598, 339.02441391057783448559, 338.65966836150658991755, 338.178741455078125, 337.5848992751556352232, 336.8837265762253991852, 336.088563598752159578, 335.20349208681813024668, 334.235809326171875, 333.1872548183299613811, 332.07052391551923165025, 330.88946762425109682226, 329.66308712086288323917, 328.400054931640625, 327.1025378097244242781, 325.7774632798366951647, 324.44076793996163132761, 323.09744390970564609233, 321.753143310546875, 320.41476313478659676548, 319.09234370157116700284, 317.79666382953524816912, 316.52575803705371981778, 315.283477783203125, 314.07095223598190614211, 312.89678735140267917814, 311.7594931050573450193, 310.66125591556289009532, 309.601837158203125, 308.57955836370729230111, 307.57998469332051172387, 306.61248960119144157943, 305.68695155176186517565, 304.80322265625, 303.96612471702900393211, 303.17556617088712300756, 302.42981096176794153507, 301.72491520707325207695, 301.05902099609375, 300.43005313075207141083, 299.83590588957201816811, 299.27722271811313703438, 298.74975635021155540016, 298.254669189453125, 297.79095632497438828068, 297.35333171773908134128, 296.94455031839328285059, 296.60787859328621607347, 296.3626708984375, 296.18985040240130501843, 296.01831025380613482412, 295.87735009798223018151, 295.75906325388837103674, 295.64202880859375, 295.53836097055187792648, 295.44268781249814992407, 295.35409562138005412635, 295.27398651140509855395, 295.1961669921875, 295.12353542516325433098, 295.05606066820024580011, 294.99374401144189050683, 294.93661478418397337009, 294.885162353515625]
unitTests.x[5]=[304.7322998046875, 304.7322998046875, 304.7322998046875, 304.7322998046875, 304.7322998046875, 304.7322998046875, 304.7322998046875, 304.7322998046875, 304.7322998046875, 304.7322998046875, 304.7322998046875, 304.7322998046875, 304.7322998046875, 304.7322998046875, 304.7322998046875, 304.7322998046875, 304.7322998046875, 304.7322998046875, 304.7322998046875, 304.7322998046875, 304.7322998046875, 304.91324336201529376922, 320.08062591832862153751, 322.10028213221943360622, 329.70479417015144463221, 332.768951416015625, 336.28506713296752650422, 337.49566634601779924196, 338.52188151984631758751, 339.26229802606343355365, 339.576934814453125, 339.55795268062485092742, 339.25042744610999534416, 338.72232024290104845932, 337.98196489058392444349, 337.04913330078125, 335.94576911668883667517, 334.68603577892702105601, 333.29803397114960716863, 331.80032495505435008454, 330.207733154296875, 328.54110556174265411755, 326.82394077512117291917, 325.08261442074172009598, 323.32437301718323396926, 321.5628662109375, 319.80749345462959354336, 318.0781827673750399299, 316.38003860443438952643, 314.72033848887224394275, 313.08795166015625, 311.50521703538692008806, 309.9889193222598464672, 308.5557888036735789683, 307.19806034921322179798, 305.91314697265625, 304.70184214936926991868, 303.56414585985277199143, 302.49725539848628841355, 301.50055024409175530309, 300.564178466796875, 299.69125286379056660735, 298.87866063002587679875, 298.12335345446035717032, 297.42004459534717852875, 296.76983642578125, 296.20809895428789104699, 295.85714677616448398112, 295.63220259663688693763, 295.4415895119020092352, 295.278839111328125, 295.12796006916312308022, 294.98941014660499604361, 294.86047387204621372803, 294.74008189857715933613, 294.62799072265625, 294.52368154530984156736, 294.42669660068332859737, 294.3371278508568025245, 294.25393684455781340148, 294.177398681640625, 294.10723903087767894249, 294.04211414023569659548, 293.98272715962707479775, 293.92889384972374955396, 293.8804931640625, 293.83764663920385373785, 293.79727165575769731731, 293.76062018441581358275, 293.72726428089947603439, 293.69598388671875, 293.66741953836515222065, 293.64108271565163477135, 293.61685185116846241726, 293.5948485501594973357, 293.57391357421875, 293.55459601827732285528, 293.53689571993965046204, 293.52081301767543664027, 293.50631708745032710794, 293.493499755859375]
unitTests.x[6]=[129677.6484375, 129677.6484375, 129677.6484375, 129677.6484375, 129677.6484375, 129677.6484375, 129677.6484375, 129677.6484375, 129677.6484375, 129677.6484375, 129677.6484375, 129677.6484375, 129677.6484375, 129677.6484375, 129677.6484375, 129677.6484375, 129677.6484375, 129677.6484375, 129677.6484375, 129677.6484375, 129677.6484375, 129677.64843776077032089233, 130612.70908222916477825493, 149786.53934763403958640993, 159319.81997748432331718504, 164984.15625, 166580.17419801873620599508, 169485.06106453252141363919, 170754.56310342310462146997, 172015.07700458061299286783, 172696.34375, 173200.75048108445480465889, 173615.95295769706717692316, 173926.81262476008851081133, 174157.09355792385758832097, 174314.953125, 174416.8125671297893859446, 174472.15622742471168749034, 174499.09375536441802978516, 174506.51562462747097015381, 174498.15625, 174477.453098252386553213, 174444.34367877239128574729, 174407.43757241970160976052, 174370.46878270807792432606, 174339.265625, 174306.21871609982918016613, 174267.53116953364224173129, 174222.75008985408931039274, 174177.60941441360046155751, 174141.28125, 174114.09372533854912035167, 174089.53120946881244890392, 174070.51565718653728254139, 174054.50001452863216400146, 174038.0625, 174019.14060555395553819835, 174000.14059638974140398204, 173987.07814615967799909413, 173978.18750894069671630859, 173968.34375, 173961.49999910593032836914, 173963.12501043081283569336, 173967.43749567866325378418, 173969.76562276482582092285, 173970.484375, 173973.0000105053186416626, 173989.06254500153590925038, 174011.10933864113758318126, 174030.93748092648456804454, 174047.703125, 174070.10940130057861097157, 174093.95315584543277509511, 174107.9530992209620308131, 174120.74998867511749267578, 174132.859375, 174144.46876057982444763184, 174155.28126981857349164784, 174165.3749812245077919215, 174175.3906154632568359375, 174185.15625, 174194.7968368539004586637, 174204.8906443710729945451, 174215.12498033090378157794, 174227.68755721914931200445, 174243.578125, 174261.81242698596906848252, 174279.32815897386171855032, 174297.35934013206860981882, 174315.10943519932334311306, 174330.453125, 174344.60932284712907858193, 174357.95314973537460900843, 174370.54685175471240654588, 174382.32817089452873915434, 174394.28125, 174405.95308089358150027692, 174417.32814645717735402286, 174428.43747898985748179257, 174439.25004082825034856796, 174449.71875]
unitTests.x[7]=[128353.96875, 128353.96875, 128353.96875, 128353.96875, 128353.96875, 128353.96875, 128353.96875, 128353.96875, 128353.96875, 128353.96875, 128353.96875, 128353.96875, 128353.96875, 128353.96875, 128353.96875, 128353.96875, 128353.96875, 128353.96875, 128353.96875, 128353.96875, 128353.96875, 128353.98437663912773132324, 129418.70897015370428562164, 156882.44990411092294380069, 158502.3350192523212172091, 164846.671875, 168666.74777011360856704414, 170447.51499184904969297349, 172207.84415635504410602152, 172936.37458597082877531648, 173729.75, 174371.26599805091973394156, 174777.5466921253246255219, 175108.82825333636719733477, 175341.65605568868340924382, 175501.03125, 175604.82819443946937099099, 175662.74997608360718004405, 175692.62500678002834320068, 175702.60937239229679107666, 175696.25, 175676.76559899744461290538, 175644.09367951744934543967, 175607.9844456315622664988, 175572.60940569642116315663, 175544.109375, 175512.76559206840465776622, 175474.40616863957257010043, 175428.7969663442054297775, 175383.82816337051917798817, 175349.640625, 175325.20310205218265764415, 175302.03121066090534441173, 175283.01565822961856611073, 175268.14063759148120880127, 175253.9375, 175236.51560570296715013683, 175217.48434653875301592052, 175204.31252175572444684803, 175195.21875841915607452393, 175186.8125, 175181.49999873340129852295, 175182.12500670552253723145, 175185.64061918854713439941, 175189.54687067866325378418, 175193.84375, 175197.31250968575477600098, 175211.31253755095531232655, 175231.74996095892856828868, 175254.79685182866523973644, 175274.53125, 175294.31252048912574537098, 175314.79691001775790937245, 175332.34371870753238908947, 175347.06248703598976135254, 175359.875, 175371.45313580334186553955, 175382.50002026560832746327, 175392.79685592648456804454, 175403.07811523973941802979, 175413.15625, 175423.0780859598598908633, 175433.43751996709033846855, 175443.93747988389804959297, 175457.48443847749149426818, 175475.390625, 175496.35929036335437558591, 175514.5000341228733304888, 175532.23434147314401343465, 175549.12505811318987980485, 175563.828125, 175577.124951423320453614, 175590.03127458636299706995, 175602.70310115869506262243, 175614.85942119255196303129, 175626.84375, 175638.51558119157562032342, 175649.85939630816574208438, 175660.87497928785160183907, 175671.56254023220390081406, 175681.859375]
unitTests.x[8]=[127456.03125, 127456.03125, 127456.03125, 127456.03125, 127456.03125, 127456.03125, 127456.03125, 127456.03125, 127456.03125, 127456.03125, 127456.03125, 127456.03125, 127456.03125, 127456.03125, 127456.03125, 127456.03125, 127456.03125, 127456.03125, 127456.03125, 127456.03125, 127456.03125, 127456.48440659049083478749, 132526.19505823010695166886, 153094.43115485605085268617, 157023.60521019596490077674, 165467.65625, 170192.04873518823296763003, 170515.81120445457054302096, 172854.516753652278566733, 173715.21748116490198299289, 174593.375, 175118.12548987613990902901, 175552.21857025456847622991, 175882.46887882065493613482, 176116.54668031615437939763, 176275.078125, 176378.53131973749259486794, 176437.07810059931944124401, 176468.51563263684511184692, 176480.07812090218067169189, 176474.828125, 176455.51559899744461290538, 176422.74993041151901707053, 176388.3750655651674605906, 176356.09377764168311841786, 176330.3125, 176299.18746684488723985851, 176260.76554334154934622347, 176215.31258985408931039274, 176172.5469103157811332494, 176142.40625, 176120.45310316976974718273, 176097.62496289607952348888, 176080.42190375927020795643, 176067.82813535630702972412, 176055.28125, 176038.71873144802520982921, 176020.56247392293880693614, 176008.84376862648059614003, 176001.57813178002834320068, 175994.703125, 175990.74999955296516418457, 175992.00000745058059692383, 175996.17186710238456726074, 176001.39061933755874633789, 176007.578125, 176012.53126065433025360107, 176027.15628769996692426503, 176048.07808387276600115001, 176072.31247556206653825939, 176093.125, 176112.10939355197479017079, 176131.46878650787402875721, 176150.31246617433498613536, 176166.39061054587364196777, 176179.859375, 176191.53126095235347747803, 176202.71877041461993940175, 176213.07810592648456804454, 176223.46874009072780609131, 176233.625, 176243.65621036381344310939, 176254.06251996709033846855, 176264.57810488389804959297, 176278.76569384179310873151, 176298.25, 176321.45303082681493833661, 176339.59378278179792687297, 176356.29684415529482066631, 176371.65630513304495252669, 176385.53125, 176397.99995440349448472261, 176410.37502399031654931605, 176422.87497645671828649938, 176435.10942029848229140043, 176446.859375, 176458.21870708564529195428, 176469.20314541412517428398, 176479.79685503290966153145, 176490.0000381460995413363, 176499.8125]
unitTests.x[9]=[126545.2109375, 126545.2109375, 126545.2109375, 126545.2109375, 126545.2109375, 126545.2109375, 126545.2109375, 126545.2109375, 126545.2109375, 126545.2109375, 126545.2109375, 126545.2109375, 126545.2109375, 126545.2109375, 126545.2109375, 126545.2109375, 126545.2109375, 126545.2109375, 126545.2109375, 126545.2109375, 126545.2109375, 126555.73484520659258123487, 140813.67262687612674199045, 150576.9447169745690189302, 158585.97544092577300034463, 167057.375, 171788.015706807462265715, 171387.04668392968596890569, 173539.51582106220303103328, 174622.04669842106522992253, 175364.6875, 175903.87541790347313508391, 176324.06231950951041653752, 176649.03137546789366751909, 176876.46855978650273755193, 177033.0625, 177136.07819481199840083718, 177195.1249751895375084132, 177228.04688353091478347778, 177241.40624411404132843018, 177237.4375, 177218.1093492209620308131, 177185.46868324273964390159, 177154.82818043237784877419, 177128.42189772429992444813, 177106.234375, 177074.8593412488407921046, 177036.68741938463062979281, 176992.73445963868289254606, 176954.84377920630504377186, 176931.84375, 176912.65622913834522478282, 176889.71871811148594133556, 176876.95314198735286481678, 176868.21875767409801483154, 176857.140625, 176841.1093577891297172755, 176824.79685369131038896739, 176816.00001221895217895508, 176812.37500409781932830811, 176807.296875, 176804.5937509685754776001, 176807.37501028180122375488, 176812.96873956918716430664, 176819.48436814546585083008, 176826.734375, 176833.09376244246959686279, 176849.89066761735011823475, 176872.62495738264988176525, 176896.95310086008976213634, 176916.9375, 176935.28126810493995435536, 176954.4687872529320884496, 176973.8593402802653145045, 176990.32811024785041809082, 177003.828125, 177015.26563572883605957031, 177026.20314481857349164784, 177036.24998152253101579845, 177046.2968654632568359375, 177056.109375, 177065.73433715192368254066, 177075.71876907304977066815, 177085.78123077793861739337, 177100.54695010013529099524, 177122.09375, 177148.39051741609000600874, 177166.39065584470517933369, 177181.48434817852103151381, 177194.75005274891736917198, 177208.21875, 177220.73432880744803696871, 177232.9843983942992053926, 177245.06247720174724236131, 177256.76566880842437967658, 177268.0625, 177278.93745917174965143204, 177289.43751952008460648358, 177299.51560607596184127033, 177309.21878605999518185854, 177318.53125]
unitTests.x[10]=[125159.859375, 125159.859375, 125159.859375, 125159.859375, 125159.859375, 125159.859375, 125159.859375, 125159.859375, 125159.859375, 125159.859375, 125159.859375, 125159.859375, 125159.859375, 125159.859375, 125159.859375, 125159.859375, 125159.859375, 125159.859375, 125159.859375, 125159.859375, 125159.859375, 125421.82736198531347326934, 149063.48167896759696304798, 151266.92332138260826468468, 162739.64112135814502835274, 166882.328125, 172019.2066668603802099824, 173431.71881306922296062112, 174708.43809466867242008448, 175848.01466081943362951279, 176582.53125, 177086.48478619792149402201, 177487.59358128142775967717, 177790.59386794280726462603, 178006.20294320565881207585, 178158.71875, 178260.64069481199840083718, 178320.82809914645622484386, 178357.57813580334186553955, 178375.34373979270458221436, 178374.390625, 178355.15622541305492632091, 178324.12494277948280796409, 178303.62502861025859601796, 178290.82813788950443267822, 178273.421875, 178241.46871542927692644298, 178204.34367355698486790061, 178164.89069667464355006814, 178137.92189042273093946278, 178130.265625, 178112.4374792873568367213, 178088.32810547944973222911, 178087.14061069488525390625, 178084.31250692903995513916, 178072.125, 178055.60936047136783599854, 178043.01561248302459716797, 178039.57812559604644775391, 178042.48437507450580596924, 178038.484375, 178035.56250298023223876953, 178040.93751668932964093983, 178048.96873733401298522949, 178055.96874307096004486084, 178062.109375, 178070.43751952055026777089, 178098.03132301574805751443, 178129.62495827671955339611, 178148.37498405572841875255, 178164.296875, 178182.64064437153865583241, 178202.85941240194370038807, 178222.17184102532337419689, 178237.65623643994331359863, 178250.3125, 178261.12501013278961181641, 178271.40626862648059614003, 178280.78123271462391130626, 178290.01561628282070159912, 178298.9375, 178307.59371572811505757272, 178316.57814213595702312887, 178325.59373271506046876311, 178337.48443192112608812749, 178353.53125, 178372.4842981117544695735, 178388.90628084470517933369, 178405.03121930430643260479, 178420.42192774891736917198, 178433.78125, 178445.84370589358150027692, 178457.23439615915413014591, 178468.04685488389804959297, 178478.14066433816333301365, 178488.328125, 178498.2030877479410264641, 178507.78126788098597899079, 178517.06248256604885682464, 178526.06253367586759850383, 178534.703125]
