last-generated=2017-10-26
statistics-simulation=
{
  "numerical Jacobians": "0", 
  "nonlinear": " ", 
  "number of continuous time states": "110", 
  "linear": " "
}
unitTests.x[1]=[472.809539794921875, 472.809539794921875, 472.809539794921875, 472.809539794921875, 472.809539794921875, 472.809539794921875, 472.809539794921875, 472.809539794921875, 472.809539794921875, 472.809539794921875, 472.809539794921875, 472.809539794921875, 472.809539794921875, 472.809539794921875, 472.809539794921875, 472.809539794921875, 472.809539794921875, 472.809539794921875, 472.809539794921875, 472.809539794921875, 472.809539794921875, 472.809539794921875, 472.809539794921875, 472.809539794921875, 472.809539794921875, 472.809539794921875, 472.809539794921875, 472.809539794921875, 472.809539794921875, 472.809539794921875, 472.809539794921875, 472.809539794921875, 472.809539794921875, 472.809539794921875, 472.809539794921875, 472.809539794921875, 472.809539794921875, 472.809539794921875, 472.809539794921875, 472.809539794921875, 472.809539794921875, 472.809539794921875, 472.809539794921875, 472.809539794921875, 472.809539794921875, 472.809539794921875, 472.809539794921875, 472.809539794921875, 472.809539794921875, 472.809539794921875, 472.809539794921875, 472.809539794921875, 472.809539794921875, 472.809539794921875, 472.809539794921875, 472.809539794921875, 472.809539794921875, 472.809539794921875, 472.809539794921875, 472.809539794921875, 472.809539794921875, 472.809539794921875, 472.809539794921875, 472.809539794921875, 472.809539794921875, 472.809539794921875, 472.809539794921875, 472.809539794921875, 472.809539794921875, 472.809539794921875, 472.809539794921875, 472.809539794921875, 472.809539794921875, 472.809539794921875, 472.809539794921875, 472.809539794921875, 472.809539794921875, 472.809539794921875, 472.809539794921875, 472.809539794921875, 472.809539794921875, 472.809539794921875, 472.809539794921875, 472.809539794921875, 472.809539794921875, 472.809539794921875, 472.809539794921875, 472.809539794921875, 472.809539794921875, 472.809539794921875, 472.809539794921875, 472.809539794921875, 472.809539794921875, 472.809539794921875, 472.809539794921875, 472.809539794921875, 472.809539794921875, 472.809539794921875, 472.809539794921875, 472.809539794921875, 472.809539794921875]
time=[0., 1.]
unitTests.x[2]=[472.531036376953125, 472.531036376953125, 472.531036376953125, 472.531036376953125, 472.531036376953125, 472.531036376953125, 472.531036376953125, 472.531036376953125, 472.531036376953125, 472.531036376953125, 472.531036376953125, 472.531036376953125, 472.531036376953125, 472.531036376953125, 472.531036376953125, 472.531036376953125, 472.531036376953125, 472.531036376953125, 472.531036376953125, 472.531036376953125, 472.531036376953125, 472.531036376953125, 472.531036376953125, 472.531036376953125, 472.531036376953125, 472.531036376953125, 472.531036376953125, 472.531036376953125, 472.531036376953125, 472.531036376953125, 472.531036376953125, 472.531036376953125, 472.531036376953125, 472.531036376953125, 472.531036376953125, 472.531036376953125, 472.531036376953125, 472.531036376953125, 472.531036376953125, 472.531036376953125, 472.531036376953125, 472.531036376953125, 472.531036376953125, 472.531036376953125, 472.531036376953125, 472.531036376953125, 472.531036376953125, 472.531036376953125, 472.531036376953125, 472.531036376953125, 472.531036376953125, 472.531036376953125, 472.531036376953125, 472.531036376953125, 472.531036376953125, 472.531036376953125, 472.531036376953125, 472.531036376953125, 472.531036376953125, 472.531036376953125, 472.531036376953125, 472.531036376953125, 472.531036376953125, 472.531036376953125, 472.531036376953125, 472.531036376953125, 472.531036376953125, 472.531036376953125, 472.531036376953125, 472.531036376953125, 472.531036376953125, 472.531036376953125, 472.531036376953125, 472.531036376953125, 472.531036376953125, 472.531036376953125, 472.531036376953125, 472.531036376953125, 472.531036376953125, 472.531036376953125, 472.531036376953125, 472.531036376953125, 472.531036376953125, 472.531036376953125, 472.531036376953125, 472.531036376953125, 472.531036376953125, 472.531036376953125, 472.531036376953125, 472.531036376953125, 472.531036376953125, 472.531036376953125, 472.531036376953125, 472.531036376953125, 472.531036376953125, 472.531036376953125, 472.531036376953125, 472.531036376953125, 472.531036376953125, 472.531036376953125, 472.531036376953125]
unitTests.x[3]=[453.5655517578125, 453.5655517578125, 453.5655517578125, 453.5655517578125, 453.5655517578125, 453.5655517578125, 453.5655517578125, 453.5655517578125, 453.5655517578125, 453.5655517578125, 453.5655517578125, 453.5655517578125, 453.5655517578125, 453.5655517578125, 453.5655517578125, 453.5655517578125, 453.5655517578125, 453.5655517578125, 453.5655517578125, 453.5655517578125, 453.5655517578125, 453.5655517578125, 453.5655517578125, 453.5655517578125, 453.5655517578125, 453.5655517578125, 453.5655517578125, 453.5655517578125, 453.5655517578125, 453.5655517578125, 453.5655517578125, 453.5655517578125, 453.5655517578125, 453.5655517578125, 453.5655517578125, 453.5655517578125, 453.5655517578125, 453.5655517578125, 453.5655517578125, 453.5655517578125, 453.5655517578125, 453.5655517578125, 453.5655517578125, 453.5655517578125, 453.5655517578125, 453.5655517578125, 453.5655517578125, 453.5655517578125, 453.5655517578125, 453.5655517578125, 453.5655517578125, 453.5655517578125, 453.5655517578125, 453.5655517578125, 453.5655517578125, 453.5655517578125, 453.5655517578125, 453.5655517578125, 453.5655517578125, 453.5655517578125, 453.5655517578125, 453.5655517578125, 453.5655517578125, 453.5655517578125, 453.5655517578125, 453.5655517578125, 453.5655517578125, 453.5655517578125, 453.5655517578125, 453.5655517578125, 453.5655517578125, 453.5655517578125, 453.5655517578125, 453.5655517578125, 453.5655517578125, 453.5655517578125, 453.5655517578125, 453.5655517578125, 453.5655517578125, 453.5655517578125, 453.5655517578125, 453.5655517578125, 453.5655517578125, 453.5655517578125, 453.5655517578125, 453.5655517578125, 453.5655517578125, 453.5655517578125, 453.5655517578125, 453.5655517578125, 453.5655517578125, 453.5655517578125, 453.5655517578125, 453.5655517578125, 453.5655517578125, 453.5655517578125, 453.5655517578125, 453.5655517578125, 453.5655517578125, 453.5655517578125, 453.5655517578125]
