last-generated=2021-05-04
statistics-initialization=
{
  "numerical Jacobians": "1", 
  "nonlinear": "81"
}
statistics-simulation=
{
  "numerical Jacobians": "0", 
  "nonlinear": "30, 1, 1, 1", 
  "number of continuous time states": "80", 
  "linear": "0, 0, 0, 0, 0, 0, 0, 0, 0, 0"
}
unitTests.x[1]=[107175.1953125, 107175.1953125, 107175.1953125, 107175.1953125, 107175.1953125, 107175.1953125, 107175.1953125, 107175.1953125, 107175.1953125, 107175.1953125, 107175.1953125, 107175.1953125, 107175.1953125, 107175.1953125, 107175.1953125, 107175.1953125, 107175.1953125, 107175.1953125, 107175.1953125, 107175.1953125, 107175.1953125, 107175.1953125, 107175.1953125, 107175.1953125, 107175.1953125, 107175.1953125, 107175.1953125, 107175.1953125, 107175.1953125, 107175.1953125, 107175.1953125, 107175.1953125, 107175.1953125, 107175.1953125, 107175.1953125, 107175.1953125, 107175.1953125, 107175.1953125, 107175.1953125, 107175.1953125, 107175.1953125, 107175.1953125, 107175.1953125, 107175.1953125, 107175.1953125, 107175.1953125, 107175.1953125, 107175.1953125, 107175.1953125, 107175.1953125, 107175.1953125, 107175.1953125, 107175.1953125, 107175.1953125, 107175.1953125, 107175.1953125, 107175.1953125, 107175.1953125, 107175.1953125, 107175.1953125, 107175.1953125, 107175.1953125, 107175.1953125, 107175.1953125, 107175.1953125, 107175.1953125, 107175.1953125, 107175.1953125, 107175.1953125, 107175.1953125, 107175.1953125, 107175.1953125, 107175.1953125, 107175.1953125, 107175.1953125, 107175.1953125, 107175.1953125, 107175.1953125, 107175.1953125, 107175.1953125, 107175.1953125, 107175.1953125, 107175.1953125, 107175.1953125, 107175.1953125, 107175.1953125, 107175.1953125, 107175.1953125, 107175.1953125, 107175.1953125, 107175.1953125, 107175.1953125, 107175.1953125, 107175.1953125, 107175.1953125, 107175.1953125, 107175.1953125, 107175.1953125, 107175.1953125, 107175.1953125, 107175.1953125]
time=[0., 1000.]
unitTests.x[2]=[184916.828125, 184916.828125, 184916.828125, 184916.828125, 184916.828125, 184916.828125, 184916.828125, 184916.828125, 184916.828125, 184916.828125, 184916.828125, 184916.828125, 184916.828125, 184916.828125, 184916.828125, 184916.828125, 184916.828125, 184916.828125, 184916.828125, 184916.828125, 184916.828125, 184916.828125, 184916.828125, 184916.828125, 184916.828125, 184916.828125, 184916.828125, 184916.828125, 184916.828125, 184916.828125, 184916.828125, 184916.828125, 184916.828125, 184916.828125, 184916.828125, 184916.828125, 184916.828125, 184916.828125, 184916.828125, 184916.828125, 184916.828125, 184916.828125, 184916.828125, 184916.828125, 184916.828125, 184916.828125, 184916.828125, 184916.828125, 184916.828125, 184916.828125, 184916.828125, 184916.828125, 184916.828125, 184916.828125, 184916.828125, 184916.828125, 184916.828125, 184916.828125, 184916.828125, 184916.828125, 184916.828125, 184916.828125, 184916.828125, 184916.828125, 184916.828125, 184916.828125, 184916.828125, 184916.828125, 184916.828125, 184916.828125, 184916.828125, 184916.828125, 184916.828125, 184916.828125, 184916.828125, 184916.828125, 184916.828125, 184916.828125, 184916.828125, 184916.828125, 184916.828125, 184916.828125, 184916.828125, 184916.828125, 184916.828125, 184916.828125, 184916.828125, 184916.828125, 184916.828125, 184916.828125, 184916.828125, 184916.828125, 184916.828125, 184916.828125, 184916.828125, 184916.828125, 184916.828125, 184916.828125, 184916.828125, 184916.828125, 184916.828125]
unitTests.x[3]=[127529.2265625, 127529.2265625, 127529.2265625, 127529.2265625, 127529.2265625, 127529.2265625, 127529.2265625, 127529.2265625, 127529.2265625, 127529.2265625, 127529.2265625, 127529.2265625, 127529.2265625, 127529.2265625, 127529.2265625, 127529.2265625, 127529.2265625, 127529.2265625, 127529.2265625, 127529.2265625, 127529.2265625, 127529.2265625, 127529.2265625, 127529.2265625, 127529.2265625, 127529.2265625, 127529.2265625, 127529.2265625, 127529.2265625, 127529.2265625, 127529.2265625, 127529.2265625, 127529.2265625, 127529.2265625, 127529.2265625, 127529.2265625, 127529.2265625, 127529.2265625, 127529.2265625, 127529.2265625, 127529.2265625, 127529.2265625, 127529.2265625, 127529.2265625, 127529.2265625, 127529.2265625, 127529.2265625, 127529.2265625, 127529.2265625, 127529.2265625, 127529.2265625, 127529.2265625, 127529.2265625, 127529.2265625, 127529.2265625, 127529.2265625, 127529.2265625, 127529.2265625, 127529.2265625, 127529.2265625, 127529.2265625, 127529.2265625, 127529.2265625, 127529.2265625, 127529.2265625, 127529.2265625, 127529.2265625, 127529.2265625, 127529.2265625, 127529.2265625, 127529.2265625, 127529.2265625, 127529.2265625, 127529.2265625, 127529.2265625, 127529.2265625, 127529.2265625, 127529.2265625, 127529.2265625, 127529.2265625, 127529.2265625, 127529.2265625, 127529.2265625, 127529.2265625, 127529.2265625, 127529.2265625, 127529.2265625, 127529.2265625, 127529.2265625, 127529.2265625, 127529.2265625, 127529.2265625, 127529.2265625, 127529.2265625, 127529.2265625, 127529.2265625, 127529.2265625, 127529.2265625, 127529.2265625, 127529.2265625, 127529.2265625]
unitTests.x[4]=[197111.125, 197111.125, 197111.125, 197111.125, 197111.125, 197111.125, 197111.125, 197111.125, 197111.125, 197111.125, 197111.125, 197111.125, 197111.125, 197111.125, 197111.125, 197111.125, 197111.125, 197111.125, 197111.125, 197111.125, 197111.125, 197111.125, 197111.125, 197111.125, 197111.125, 197111.125, 197111.125, 197111.125, 197111.125, 197111.125, 197111.125, 197111.125, 197111.125, 197111.125, 197111.125, 197111.125, 197111.125, 197111.125, 197111.125, 197111.125, 197111.125, 197111.125, 197111.125, 197111.125, 197111.125, 197111.125, 197111.125, 197111.125, 197111.125, 197111.125, 197111.125, 197111.125, 197111.125, 197111.125, 197111.125, 197111.125, 197111.125, 197111.125, 197111.125, 197111.125, 197111.125, 197111.125, 197111.125, 197111.125, 197111.125, 197111.125, 197111.125, 197111.125, 197111.125, 197111.125, 197111.125, 197111.125, 197111.125, 197111.125, 197111.125, 197111.125, 197111.125, 197111.125, 197111.125, 197111.125, 197111.125, 197111.125, 197111.125, 197111.125, 197111.125, 197111.125, 197111.125, 197111.125, 197111.125, 197111.125, 197111.125, 197111.125, 197111.125, 197111.125, 197111.125, 197111.125, 197111.125, 197111.125, 197111.125, 197111.125, 197111.125]
