last-generated=2019-01-04
statistics-simulation=
{
  "numerical Jacobians": "0", 
  "nonlinear": " ", 
  "number of continuous time states": "63", 
  "linear": "0, 0, 0, 0, 0, 0, 0, 0, 0, 0, 0, 0, 0, 0, 0, 0, 0, 0, 0, 0, 0"
}
unitTests.x[1]=[293.173309326171875, 293.1697998046875, 293.1654052734375, 293.1619873046875, 293.159332275390625, 293.15728759765625, 293.155670166015625, 293.1544189453125, 293.1534423828125, 293.152679443359375, 293.152069091796875, 302.475799560546875, 315.189422607421875, 331.92913818359375, 349.624786376953125, 350.17718505859375, 350.25579833984375, 350.30078125, 350.339752197265625, 350.376373291015625, 350.409759521484375, 350.438629150390625, 350.46502685546875, 350.487823486328125, 350.509429931640625, 350.531097412109375, 350.54962158203125, 350.56866455078125, 350.586822509765625, 350.603851318359375, 350.620452880859375, 350.636444091796875, 350.651458740234375, 350.6656494140625, 350.679931640625, 350.692962646484375, 350.705810546875, 350.718658447265625, 350.7303466796875, 350.742218017578125, 350.75341796875, 316.37725830078125, 303.156219482421875, 299.271636962890625, 297.502593994140625, 296.442596435546875, 295.696624755859375, 295.124114990234375, 294.682586669921875, 294.34100341796875, 294.075958251953125, 293.8936767578125, 294.048065185546875, 294.263671875, 294.989288330078125, 295.310577392578125, 295.054443359375, 294.981109619140625, 294.989013671875, 295.009429931640625, 295.03045654296875, 295.050994873046875, 295.071044921875, 295.090606689453125, 295.109710693359375, 295.12835693359375, 295.146484375, 295.1641845703125, 295.181365966796875, 295.1981201171875, 295.214385986328125, 295.23028564453125, 295.24578857421875, 295.2608642578125, 295.275634765625, 295.290008544921875, 295.303985595703125, 295.317657470703125, 295.331024169921875, 295.344085693359375, 295.35687255859375, 295.79815673828125, 295.797637939453125, 295.365386962890625, 294.89495849609375, 294.51153564453125, 294.211273193359375, 293.976593017578125, 293.793548583984375, 293.650970458984375, 293.540008544921875, 293.45361328125, 293.3863525390625, 293.334014892578125, 293.293243408203125, 293.261505126953125, 293.23681640625, 293.21759033203125, 293.202606201171875, 293.19097900390625, 293.181884765625]
time=[0., 1000.]
unitTests.x[2]=[293.173187255859375, 293.168304443359375, 293.16424560546875, 293.161102294921875, 293.15863037109375, 293.15673828125, 293.155242919921875, 293.154083251953125, 293.153167724609375, 293.1524658203125, 293.15191650390625, 293.17083740234375, 293.995361328125, 295.689208984375, 296.192352294921875, 296.737091064453125, 297.364013671875, 297.943206787109375, 298.4732666015625, 298.9609375, 299.412841796875, 299.835174560546875, 300.233795166015625, 300.614288330078125, 300.981781005859375, 301.34112548828125, 301.696258544921875, 302.048431396484375, 302.394866943359375, 302.731109619140625, 303.05560302734375, 303.369110107421875, 303.6724853515625, 303.966705322265625, 304.25250244140625, 304.530670166015625, 304.80181884765625, 305.06658935546875, 305.32562255859375, 305.57940673828125, 305.828460693359375, 310.441192626953125, 313.6092529296875, 311.34820556640625, 308.0283203125, 304.867584228515625, 302.246246337890625, 300.2113037109375, 298.6326904296875, 297.408203125, 296.4588623046875, 305.089263916015625, 320.488800048828125, 353.16717529296875, 371.5714111328125, 372.901702880859375, 372.9871826171875, 372.991455078125, 372.991363525390625, 372.9913330078125, 372.991455078125, 372.9915771484375, 372.991729736328125, 372.99188232421875, 372.992034912109375, 372.9921875, 372.9923095703125, 372.992462158203125, 372.992584228515625, 372.992706298828125, 372.992828369140625, 372.992950439453125, 372.993072509765625, 372.993194580078125, 372.993316650390625, 372.993438720703125, 372.9935302734375, 372.99365234375, 372.993743896484375, 372.993865966796875, 372.99395751953125, 333.720306396484375, 323.087005615234375, 315.964019775390625, 310.65625, 306.63018798828125, 303.5550537109375, 301.196746826171875, 299.382232666015625, 297.98248291015625, 296.90045166015625, 296.062744140625, 295.413360595703125, 294.909515380859375, 294.51824951171875, 294.214263916015625, 293.977996826171875, 293.794281005859375, 293.6513671875, 293.54022216796875, 293.453704833984375]
unitTests.x[3]=[0., 0., 0., 0., 0., 0., 0., 0., 0., 0., 0., 0.00291038304567337036, 0.01030275598168373108, 0.01912121661007404327, 0.02273009158670902252, 0.02281740307807922363, 0.02275919541716575623, 0.02270098775625228882, 0.02264278009533882141, 0.02261367626488208771, 0.022584572434425354, 0.0225263647735118866, 0.02249726094305515289, 0.02243905328214168549, 0.02243905328214168549, 0.02240994945168495178, 0.02238084562122821808, 0.02235174179077148438, 0.02232263796031475067, 0.02229353412985801697, 0.02226443029940128326, 0.02226443029940128326, 0.02223532646894454956, 0.02223532646894454956, 0.02217711880803108215, 0.02217711880803108215, 0.02214801497757434845, 0.02214801497757434845, 0.02208980731666088104, 0.02208980731666088104, 0.02208980731666088104, 0.01199077814817428589, 0.00494765117764472961, 0.00192085281014442444, 0.00069849193096160889, 0.00011641532182693481, 0.00005820766091346741, 0.0000291038304567337, 0.0000291038304567337, 0., 0., -0.00206637196242809296, -0.00942964106798171997, -0.0161235220730304718, -0.02150773070752620697, -0.02200249582529067993, -0.02203159965574741364, -0.02200249582529067993, -0.02200249582529067993, -0.02197339199483394623, -0.02197339199483394623, -0.02194428816437721252, -0.02191518433392047882, -0.02191518433392047882, -0.02188608050346374512, -0.02188608050346374512, -0.02185697667300701141, -0.02185697667300701141, -0.02182787284255027771, -0.02182787284255027771, -0.02179876901209354401, -0.02179876901209354401, -0.02179876901209354401, -0.0217696651816368103, -0.0217405613511800766, -0.0217405613511800766, -0.0217405613511800766, -0.0217405613511800766, -0.0217114575207233429, -0.0217114575207233429, -0.0217114575207233429, -0.01132139004766941071, -0.00352156348526477814, -0.0008149072527885437, -0.00011641532182693481, -0.00005820766091346741, -0.00005820766091346741, -0.0000291038304567337, -0.0000291038304567337, -0.0000291038304567337, -0.0000291038304567337, 0., 0., 0., -0.0000291038304567337, 0., 0., 0., 0., 0., 0.]
