last-generated=2018-12-20
statistics-simulation=
{
  "numerical Jacobians": "0", 
  "nonlinear": " ", 
  "linear": " "
}
unitTests.x[1]=[7., 8.35962119254629598686, 9.37163819736280068184, 10.28118783408936742774, 11.13075499407805146745, 11.93837345670918814733, 12.71407378528224541014, 13.4642045254387809905, 14.1931197203973038512, 14.90398198722309430764, 15.59918299728299473372, 16.28059090457457003254, 16.94970044570241540782, 17.60773454214029243303, 18.25571151477469200586, 18.89448684432479197426, 19.52479289084957514433, 20.14726392970529289528, 20.76244942911777968675, 21.37083285956991218768, 21.97284198148782508042, 22.56885867786695598625, 23.15922199682742288473, 23.7442408472206274439, 24.32419187807396099288, 24.89932912047459012683, 25.46988168990818124371, 26.036060333251953125, 26.59806024404231195035, 27.15605809796396385991, 27.71022013922610582881, 28.26069984669505785746, 28.80763779325735640668, 29.35116829244726588399, 29.89141348416291066314, 30.428489202510785816, 30.96250435476179774241, 31.49356032059801435707, 32.02175184336577729027, 32.54717085167444423632, 33.06990332523714926083, 33.06990332523714926083, 32.54717024250846435507, 32.02175176485640406554, 31.49356101523323303581, 30.96250435476179774241, 30.428489202510785816, 29.89141293811265143177, 29.35116805007857365695, 28.80763858996093773612, 28.26069984669506141017, 27.71022013922610582881, 27.1560576169107861233, 26.59805982636929400087, 26.03606124213816030988, 25.46988168990818124371, 24.89932912047459367955, 24.32419146429854706071, 23.7442402385295672218, 23.15922303228440881639, 22.56885867786695953896, 21.97284180252496454955, 21.37083195528170520561, 20.76244860616385423668, 20.1472652712833628641, 19.5247934998151038144, 18.89448670190624568477, 18.25571059979822763353, 17.60773346625829915979, 16.9497019375105892891, 16.28059161354556749757, 15.59918289395169033185, 14.90398108384264475035, 14.19311866407654143529, 13.46420584106034823435, 12.7140746499733712227, 11.93837341169673749164, 11.13075418915873981973, 10.28118631862781207076, 9.37164014927079236372, 8.35962250944330342861, 7.]
time=[0., 2.]
unitTests.x[2]=[5., 6.35962119254629598686, 7.37163819736280068184, 8.28118783408936742774, 9.13075499407805146745, 9.93837345670918814733, 10.71407378528224541014, 11.4642045254387809905, 12.1931197203973038512, 12.90398198722309430764, 13.59918299728299473372, 14.28059090457457003254, 14.94969963331360318648, 15.60773518969754292129, 16.25571167960702467781, 16.89448684432479197426, 17.52479289084957514433, 18.14726392970529289528, 18.76244942911777968675, 19.37083285956991218768, 19.97284198148782508042, 20.56885867786695598625, 21.15922199682742288473, 21.7442408472206274439, 22.32419187807396099288, 22.89932912047459012683, 23.46988168990818124371, 24.036060333251953125, 24.59806024404231195035, 25.15605809796396385991, 25.71022013922610582881, 26.26069984669505785746, 26.80763779325735640668, 27.35116829244726588399, 27.89141348416291066314, 28.428489202510785816, 28.96250435476179774241, 29.49356032059801435707, 30.0217528559089359419, 30.54717177002799388674, 31.06990332523714926083, 31.06990332523714926083, 30.54717116086420247711, 30.02175277739927850007, 29.49356101523323303581, 28.96250435476179774241, 28.428489202510785816, 27.89141293811265143177, 27.35116805007857365695, 26.80763858996093773612, 26.26069984669506141017, 25.71022013922610582881, 25.1560576169107861233, 24.59805982636929400087, 24.03606124213816030988, 23.46988168990818124371, 22.89932912047459367955, 22.32419146429854706071, 21.7442402385295672218, 21.15922303228440881639, 20.56885867786695953896, 19.97284180252496454955, 19.37083195528170520561, 18.76244860616385423668, 18.1472652712833628641, 17.5247934998151038144, 16.89448670190624568477, 16.25571076463189257311, 15.60773411381246233987, 14.94970112511967208491, 14.28059161354556927392, 13.59918289395169033185, 12.90398108384264475035, 12.19311866407654143529, 11.46420584106034823435, 10.7140746499733712227, 9.93837341169673749164, 9.13075418915873981973, 8.28118631862781207076, 7.37164014927079236372, 6.35962250944330431679, 5.]
