last-generated=2017-10-26
statistics-initialization=
{
  "linear": "100"
}
statistics-simulation=
{
  "numerical Jacobians": "0", 
  "nonlinear": " ", 
  "number of continuous time states": "110", 
  "linear": " "
}
unitTests.x[1]=[446.378997802734375, 446.378997802734375, 446.378997802734375, 446.378997802734375, 446.378997802734375, 446.378997802734375, 446.378997802734375, 446.378997802734375, 446.378997802734375, 446.378997802734375, 446.378997802734375, 446.378997802734375, 446.378997802734375, 446.378997802734375, 446.378997802734375, 446.378997802734375, 446.378997802734375, 446.378997802734375, 446.378997802734375, 446.378997802734375, 446.378997802734375, 446.378997802734375, 446.378997802734375, 446.378997802734375, 446.378997802734375, 446.378997802734375, 446.378997802734375, 446.378997802734375, 446.378997802734375, 446.378997802734375, 446.378997802734375, 446.378997802734375, 446.378997802734375, 446.378997802734375, 446.378997802734375, 446.378997802734375, 446.378997802734375, 446.378997802734375, 446.378997802734375, 446.378997802734375, 446.378997802734375, 446.378997802734375, 446.378997802734375, 446.378997802734375, 446.378997802734375, 446.378997802734375, 446.378997802734375, 446.378997802734375, 446.378997802734375, 446.378997802734375, 446.378997802734375, 446.378997802734375, 446.378997802734375, 446.378997802734375, 446.378997802734375, 446.378997802734375, 446.378997802734375, 446.378997802734375, 446.378997802734375, 446.378997802734375, 446.378997802734375, 446.378997802734375, 446.378997802734375, 446.378997802734375, 446.378997802734375, 446.378997802734375, 446.378997802734375, 446.378997802734375, 446.378997802734375, 446.378997802734375, 446.378997802734375, 446.378997802734375, 446.378997802734375, 446.378997802734375, 446.378997802734375, 446.378997802734375, 446.378997802734375, 446.378997802734375, 446.378997802734375, 446.378997802734375, 446.378997802734375, 446.378997802734375, 446.378997802734375, 446.378997802734375, 446.378997802734375, 446.378997802734375, 446.378997802734375, 446.378997802734375, 446.378997802734375, 446.378997802734375, 446.378997802734375, 446.378997802734375, 446.378997802734375, 446.378997802734375, 446.378997802734375, 446.378997802734375, 446.378997802734375, 446.378997802734375, 446.378997802734375, 446.378997802734375, 446.378997802734375]
time=[0., 1.]
unitTests.x[2]=[446.100494384765625, 446.100494384765625, 446.100494384765625, 446.100494384765625, 446.100494384765625, 446.100494384765625, 446.100494384765625, 446.100494384765625, 446.100494384765625, 446.100494384765625, 446.100494384765625, 446.100494384765625, 446.100494384765625, 446.100494384765625, 446.100494384765625, 446.100494384765625, 446.100494384765625, 446.100494384765625, 446.100494384765625, 446.100494384765625, 446.100494384765625, 446.100494384765625, 446.100494384765625, 446.100494384765625, 446.100494384765625, 446.100494384765625, 446.100494384765625, 446.100494384765625, 446.100494384765625, 446.100494384765625, 446.100494384765625, 446.100494384765625, 446.100494384765625, 446.100494384765625, 446.100494384765625, 446.100494384765625, 446.100494384765625, 446.100494384765625, 446.100494384765625, 446.100494384765625, 446.100494384765625, 446.100494384765625, 446.100494384765625, 446.100494384765625, 446.100494384765625, 446.100494384765625, 446.100494384765625, 446.100494384765625, 446.100494384765625, 446.100494384765625, 446.100494384765625, 446.100494384765625, 446.100494384765625, 446.100494384765625, 446.100494384765625, 446.100494384765625, 446.100494384765625, 446.100494384765625, 446.100494384765625, 446.100494384765625, 446.100494384765625, 446.100494384765625, 446.100494384765625, 446.100494384765625, 446.100494384765625, 446.100494384765625, 446.100494384765625, 446.100494384765625, 446.100494384765625, 446.100494384765625, 446.100494384765625, 446.100494384765625, 446.100494384765625, 446.100494384765625, 446.100494384765625, 446.100494384765625, 446.100494384765625, 446.100494384765625, 446.100494384765625, 446.100494384765625, 446.100494384765625, 446.100494384765625, 446.100494384765625, 446.100494384765625, 446.100494384765625, 446.100494384765625, 446.100494384765625, 446.100494384765625, 446.100494384765625, 446.100494384765625, 446.100494384765625, 446.100494384765625, 446.100494384765625, 446.100494384765625, 446.100494384765625, 446.100494384765625, 446.100494384765625, 446.100494384765625, 446.100494384765625, 446.100494384765625, 446.100494384765625]
unitTests.x[3]=[427.173828125, 427.173828125, 427.173828125, 427.173828125, 427.173828125, 427.173828125, 427.173828125, 427.173828125, 427.173828125, 427.173828125, 427.173828125, 427.173828125, 427.173828125, 427.173828125, 427.173828125, 427.173828125, 427.173828125, 427.173828125, 427.173828125, 427.173828125, 427.173828125, 427.173828125, 427.173828125, 427.173828125, 427.173828125, 427.173828125, 427.173828125, 427.173828125, 427.173828125, 427.173828125, 427.173828125, 427.173828125, 427.173828125, 427.173828125, 427.173828125, 427.173828125, 427.173828125, 427.173828125, 427.173828125, 427.173828125, 427.173828125, 427.173828125, 427.173828125, 427.173828125, 427.173828125, 427.173828125, 427.173828125, 427.173828125, 427.173828125, 427.173828125, 427.173828125, 427.173828125, 427.173828125, 427.173828125, 427.173828125, 427.173828125, 427.173828125, 427.173828125, 427.173828125, 427.173828125, 427.173828125, 427.173828125, 427.173828125, 427.173828125, 427.173828125, 427.173828125, 427.173828125, 427.173828125, 427.173828125, 427.173828125, 427.173828125, 427.173828125, 427.173828125, 427.173828125, 427.173828125, 427.173828125, 427.173828125, 427.173828125, 427.173828125, 427.173828125, 427.173828125, 427.173828125, 427.173828125, 427.173828125, 427.173828125, 427.173828125, 427.173828125, 427.173828125, 427.173828125, 427.173828125, 427.173828125, 427.173828125, 427.173828125, 427.173828125, 427.173828125, 427.173828125, 427.173828125, 427.173828125, 427.173828125, 427.173828125, 427.173828125]
