last-generated=2018-12-20
statistics-simulation=
{
  "numerical Jacobians": "0", 
  "nonlinear": " ", 
  "linear": " "
}
unitTests.x[1]=[3.66000008583068847656, 3.80009103223878730304, 3.98555947193870574452, 4.1730480317771929677, 4.3545823255374473959, 4.52818821591741915711, 4.69364645252191436953, 4.85132836834488667677, 5.00179388756720655351, 5.14563698482565978765, 5.28342674143645574247, 5.41568423087305284014, 5.54287961480386925928, 5.66543203350840762766, 5.78371476431753706038, 5.89805930087512653159, 6.00876192163381173117, 6.11608646404176692357, 6.22026817585643954089, 6.32152082910062951271, 6.42003390268667040175, 6.51598125930017868512, 6.60951806213328207917, 6.70078750653524046754, 6.78991846985219993371, 6.8770294189453125, 6.96222885522576806494, 7.04561606119012662219, 7.12728308665778875763, 7.20731455726619518742, 7.28578844324666263788, 7.36277769174322749279, 7.4383497772804556547, 7.51257219186422009471, 7.58558509137605607719, 7.65783791077003961334, 7.73038710635544923377, 7.80499263956410782583, 7.88395265707405279443, 7.96981395405301551449, 8.0650910737448455734, 8.17206100757064923812, 8.29264085577267096028, 8.42833508823125754361, 8.5802412419263092147, 8.74907324216453474719, 8.93521102050179649723, 9.13875487017054943806, 9.35958028789441165429, 9.59738517332290896888, 9.851741790771484375, 10.12212779974564469399, 10.4079643151049214822, 10.7086438445226406202, 11.02354171659821879814, 11.35205038332438398641, 11.69357005439072239028, 12.04753424729136845883, 12.4134069942303248979, 12.79069238259990726192, 13.17892839309835473216, 13.57770194594306900626, 13.98663501124125474462, 14.40538903451282060075, 14.83366551474859917903, 15.27119932884929198735, 15.71775985925475893623, 16.17315406510784114857, 16.63721241893265556655, 17.10979473057851407702, 17.59078083751702692439, 18.08008109287880671445, 18.57761430510315037168, 19.08332918364073194084, 19.59717891971301995113, 20.11913299560546875, 20.64916470991966690463, 21.18726070960540397436, 21.73340382849770691109, 22.28757547941792083179, 22.84976701094414863746, 23.41994653382886681925, 23.99807399478617142563, 24.58409980179580855975, 25.1779476602935439189, 25.779509056544910095, 26.38865955524333628546, 27.00522011782276976533, 27.62896567723094065627, 28.25962157437798083492, 28.89684448474104883076, 29.54020903045377011154, 30.18921934179363830708, 30.84326697166828523677, 31.50163475527981660207, 32.1634834569670360338, 32.82782506659843591024, 33.49352073877476954067, 34.15926997107418827682, 34.82357724826194811385, 35.4847564697265625]
time=[0., 1.]
unitTests.x[2]=[4.354000091552734375, 4.50308227978401642844, 4.70966387755320958775, 4.92485047821041810323, 5.13637544578699323239, 5.34052132063760165437, 5.53627064400866242266, 5.72361850189964194158, 5.90295270229935287176, 6.07480138457237650584, 6.23972079719911842943, 6.39825011223073669697, 6.55089096259491032725, 6.69810158926870524709, 6.84029673693892714681, 6.97784987939649514743, 7.111096428918320278, 7.24033925633871788818, 7.36585035985951641635, 7.4878754901961306345, 7.60663696601785943585, 7.72233636697329917098, 7.83515693082418529514, 7.94526524761713659473, 8.05281454054670398079, 8.15794467926025390625, 8.26078329230657359972, 8.36144818086767216414, 8.46004866387854725929, 8.55668552738490895138, 8.65145099873348044639, 8.74443147366359774253, 8.83570868274032861223, 8.92536056288737178477, 9.01352783883482544525, 9.10061650681405787111, 9.18756377141269453546, 9.27592368631948893665, 9.36773304694715847063, 9.46525969785959730984, 9.57076066183744345039, 9.68629650677237563627, 9.81362360543549172576, 9.95414246601874985743, 10.10889820185449394785, 10.27859518393372617595, 10.46364577547158702941, 10.66420748351396774467, 10.88023495996704781419, 11.11152054088461582637, 11.3577365875244140625, 11.6184685413711310531, 11.89324623676107428594, 12.18156231748455731179, 12.48289710098832827612, 12.79673538361482520997, 13.12256805169125684074, 13.45990873148700117667, 13.808298703136394181, 14.16730881147024945221, 14.53654104893581511249, 14.9156355148063042293, 15.30426483518429670028, 15.70213241733920028764, 16.10897886103159848403, 16.52457337556946370682, 16.94871408875712504027, 17.38123248797595721271, 17.82198111247718230743, 18.27083789197879681865, 18.7276998300769754735, 19.19248872412321915704, 19.66513497608987748322, 20.14559844289502876791, 20.633836277642984669, 21.1298274993896484375, 21.63355112871884244896, 22.14499572002903704515, 22.66415173654978332252, 23.19100456968332579777, 23.72554714965138344951, 24.26775728576664192815, 24.81759873943303063015, 25.37502954807318289454, 25.93998104656039060956, 26.5123582474866701375, 27.09204590429682113495, 27.67888231771597418174, 28.27266530887545314954, 28.87313929226721498367, 29.47999146104658407808, 30.09282904474505571102, 30.71119586395823120029, 31.33453133690757042018, 31.96216789004813207953, 32.5933311377365981798, 33.22710554929348347741, 33.86243256853944672002, 34.49810669807498442196, 35.13273560157836072904, 35.764751434326171875]
