last-generated=2018-12-20
statistics-simulation=
{
  "numerical Jacobians": "0", 
  "nonlinear": "1, 1", 
  "linear": " "
}
unitTests.x[1]=[4947.1806640625, 5316.10401199123862170381, 5673.01124610077840770828, 6017.8559796667841510498, 6350.52834939638978539733, 6670.85544525539080495946, 6978.61820431167234346503, 7273.57421011407859623432, 7555.47856461450555798365, 7824.10439803621738974471, 7908.27151088125992828282, 5613.05131717739732266637, 864.03826623524616934446, 690.97748677568279163097, 600.84064161014077853906, 541.33218428417876566527, 496.96986540055024761386, 461.37949197992639938093, 431.40526310018600497642, 405.28695099018381142741, 381.95725154849708360416, 360.7278310020315075235, 341.13378682549318909878, 322.84946422293199930209, 305.6404940012598103749, 289.334686279296875, 273.80339135025872110418, 258.94966166219916203772, 244.69984603199029038478, 230.99815776983717796611, 217.80242943955224177444, 205.0810729354828652049, 192.81104182704359573108, 180.97598270238623285877, 169.56474706300559773808, 158.57055023565800411234, 147.9898983225273809694, 137.82175159598898517288, 128.06708836283186769833, 118.72807537797866928031, 109.80772158632076695994, 101.30923167088312197848, 93.2357456695798276769, 85.58985672546631917612, 78.37322069199552743157, 71.58636459200290858007, 65.22833005300934416937, 59.29638604186904871085, 53.78598221043247207263, 48.69051831382741823973, 44.001220703125, 39.70719140781884703983, 35.79535734378710287729, 32.25054741307523187288, 29.05561531411358799915, 26.19154493391876670216, 23.6377569281782626831, 21.37229387582601702888, 19.37212635049264974896, 17.61347916896083276583, 16.07218709029094583229, 14.72403327460325428433, 13.54517799221693152845, 12.51249935399798474123, 11.60396646036310741579, 10.79898273633429006679, 10.07869138639379080757, 9.42620477755800223463, 8.82680743787455668325, 8.26803289911975625159, 7.73967061777616738283, 7.23365438960949092007, 6.74386878337527750915, 6.2658476336329558265, 5.79644199994501807538, 5.33343410491943359375, 4.87518219375496641987, 4.42031153979505297968, 3.96746386830530584078, 3.51511051014527886593, 3.06135517936903012171, 2.60370027064566311736, 2.13858880632372594377, 1.6604365281373782981, 1.15905135670782732937, 0.60965724311275093505, 0.67693770385286344826, 0.58947256960603811038, 0.52190533472780775703, 0.46828746023186618164, 0.42478000842713142804, 0.38881024543714304276, 0.3585983092037757225, 0.33287836849502955294, 0.31072657815682613869, 0.29145399595884330379, 0.27453684420270163535, 0.25957019238830097985, 0.24623611020167920915, 0.23428190846813362613, 0.22350415587425231934]
time=[0., 1.]
unitTests.x[2]=[6130.1064453125, 6458.68555405358620191691, 6774.8505997338052111445, 7078.37209014926702366211, 7369.0044198146888447809, 7646.5058390949088789057, 7910.19826689872206770815, 7809.86280249161245592404, 1687.42590916955168722779, 789.52534312106024572131, 655.74244678995648882847, 578.67718146293191239238, 525.27733171413535728789, 484.32862666572890475436, 450.87042422184805445795, 422.33369527705161772246, 397.24040908930572868485, 374.67398459608858729553, 354.03318689788301298904, 334.90658131742543446308, 317.00320955195854821795, 300.11198878757926422622, 284.07687192253081320814, 268.78092057485628174618, 254.13567348881142038408, 240.0740509033203125, 226.54510762488288833083, 213.51055760366878644163, 200.9418502316263470675, 188.81833421676319062499, 177.12556305293165337389, 165.85391500108570994598, 154.99779514685806702801, 144.55467046017832899452, 134.52417344993421011168, 124.90776266640793323859, 115.70797495711596525325, 106.92786055154543589651, 98.57070536519005088394, 90.63949250053379103065, 83.13656290246422031487, 76.06319946690605604545, 69.41947099551605049328, 63.20385411621861493359, 57.4130312113638296978, 52.04177627261069716269, 47.08278293293285088339, 42.52656122213980438573, 38.36148793385010691281, 34.57379116097969529164, 31.147602081298828125, 28.06513892685434186092, 25.30685887740340334062, 22.85167994588988449323, 20.67726388183511332386, 18.76026942694635835096, 17.07676544092589665524, 15.60252569248914689126, 14.31342784899668174603, 13.18582071089855034529, 12.19691404986392413434, 11.32510590059692390241, 10.55035340329862236786, 9.85443274692472215293, 9.22116765688272366219, 8.63658389874070131498, 8.08897635642221857211, 7.56885709218761260075, 7.06884133344640641639, 6.58339870486873923738, 6.10854569696737215168, 5.64148326641691699734, 5.18022716326280985299, 4.72324982754055611167, 4.26920934026789478111, 3.81670928001403808594, 3.36412100459146934384, 2.90938337868440433098, 2.44971023295508549822, 1.98102265895558549147, 1.49663018352031995661, 0.98342079645154478751, 0.40325971366659268957, 0.64507642487182215163, 0.56508946351318656287, 0.5027056496762569715, 0.45280925030371527162, 0.41205354342548028423, 0.3781708333490502727, 0.3495772407773247159, 0.32513598242294161622, 0.30401127804929667375, 0.28557535943695794289, 0.26934851320183156309, 0.2549577025355504456, 0.24210895653853495291, 0.23056744692455621859, 0.22014352564647576838, 0.21068223067932914661, 0.20205602843177744576, 0.19415883719921112061]
unitTests.x[3]=[-298.781402587890625, -920.05049104646593605139, -1621.17398359776416327804, -2397.96343391259279087535, -3246.13923964636524033267, -4161.29778146220724011073, -5138.89027257202451437479, -6174.21334739729900320526, -7262.42451627843820460839, -8398.55915757620095973834, -9374.87001608972968824673, -7018.96026419799727591453, -1080.45548657254948921036, -864.04809135505786343856, -751.33460023252303017216, -676.92112026244444678014, -621.44743153668810009549, -576.94275639616853368352, -539.46096273471607673855, -506.80083503624348395533, -477.62778544702575800329, -451.08106865356319303828, -426.57928187067795988696, -403.71531081193575118959, -382.19603375710437376256, -361.80609130859375, -342.3846865687884246654, -323.81053594729775113592, -305.99154872120135451041, -288.85798773437198860847, -272.35707504535531597867, -256.44937507583352953588, -241.1060531036454506193, -226.30661397478556295937, -212.03716017954388917133, -198.28919181988010222994, -185.05835298227475504973, -172.34335923597492978843, -160.14538007419162113365, -148.46717734614887262978, -137.31247600575937894973, -126.68531430643020030402, -116.58959442035445874808, -107.02857876767403411122, -98.00433905083502850175, -89.51751498616401647723, -81.56691624609683799463, -74.14914618726280082228, -67.25849208835255410577, -60.88671700158638344647, -55.022838592529296875, -49.65323535927942799617, -44.76155736358828107768, -40.32883787198975511501, -36.33363400250818386894, -32.7521631979398648582, -29.55869365806280057996, -26.72577097716522587234, -24.22459215980272517754, -22.02543298166588670028, -20.09807259059560280434, -18.41222800694185934844, -16.93808812925872686606, -15.64673939041003514205, -14.51063291389216303173, -13.50401368261253765013, -12.60330045212307936708, -11.787374855583777844, -11.03783659476022727119, -10.33909876963432772357, -9.67838878328621809999, -9.0456224498791435451, -8.43315202469670310848, -7.8353926523368073731, -7.24840648974954593342, -6.6694202423095703125, -6.09638159730149808979, -5.52757011985807089616, -4.96128826456662341826, -4.39562489829235847338, -3.82820721720071555083, -3.25591315631624000915, -2.67429452662495936721, -2.07636802505256934381, -1.44938869457503716198, -0.76237398854490168176, -0.87241291695089273617, -0.89560728232186626041, -0.91519863258511602311, -0.9318617799675352753, -0.94621977375545229805, -0.95874437553604430207, -0.96978841456257103282, -0.97961931748490382876, -0.98844337661139702877, -0.99642247859349175609, -1.00368513153086391654, -1.01033459255447000125, -1.01645504297945121763, -1.02211558295184423706, -1.02737343311309814453]
unitTests.x[4]=[-2672.971435546875, -3543.97121176900554928579, -4480.45414509305555839092, -5477.81989340735617588507, -6531.31699154106809146469, -7636.05899828317251376575, -8786.53627967586180602666, -9549.50877445279002131429, -2110.07801001376310523483, -987.27926804771448132669, -819.98768984226421707717, -723.61992958575319789816, -656.84501668780251293356, -605.63993218897644510434, -563.80151599595660627529, -528.11726863985973068338, -496.7388811086524356142, -468.52026852769370179885, -442.70958207888196511703, -418.79235292645552135582, -396.40476114895812997929, -375.28279298635777649906, -355.23138195551763374169, -336.10422536747910271515, -317.79079241893612106651, -300.207122802734375, -283.2895655248750017563, -266.99022108940113184872, -251.27340882903794749836, -236.11326887101097327104, -221.49176217234503383224, -207.39686915544427847635, -193.82156949148077274003, -180.76269690725933969588, -168.21980726820413565292, -156.19472568447562821348, -144.6905984327859187033, -133.7112783281014003478, -123.26084416801565168953, -113.34304199670312129911, -103.96079037638791930931, -95.11570434954575148367, -86.80785085589681671081, -79.03536002098367418967, -71.79405047292100050527, -65.07740020078927045688, -58.87627148425402623388, -53.1788018463361851218, -47.97045751811563008005, -43.23401313045390281786, -38.94962310791015625, -35.09505881579027430917, -31.64587551624773453796, -28.575715480219525233, -25.85664541002527627711, -23.45947536887433670927, -21.354280947612299002, -19.51076767460257244124, -17.8987726204237986849, -16.48871652680285038173, -15.25210374315739869644, -14.16192107834046609582, -13.19310613913401830644, -12.32286795605776141826, -11.5309790332744732666, -10.79996609409419150438, -10.11519035398243993029, -9.46478854972305860827, -8.83952566409633000433, -8.23248562849811094111, -7.63868834079884262422, -7.05463237423613520605, -6.47783682165883600845, -5.90639175357571399871, -5.33861834211069563594, -4.77277135848999023438, -4.20681327144308436772, -3.63816772142335409512, -3.06334997020068167117, -2.47725923783681967194, -1.87152924127397990439, -1.22976354672014975833, -0.50427471228215425825, -0.88057372906332020968, -0.90250741662987643554, -0.92104430830544392617, -0.93687770619347632284, -0.95057886220950194023, -0.96257556015140266492, -0.97318895086711365572, -0.9826637718180504244, -0.99119005440734853085, -0.99891738842304944601, -1.00596522798482790328, -1.01242983487860738201, -1.01838994704172480787, -1.02391041458447062951, -1.0290450906988015678, -1.03383897844893524187, -1.03833031236793216223, -1.04255139827728271484]
