last-generated=2017-10-26
statistics-simulation=
{
  "numerical Jacobians": "0", 
  "nonlinear": " ", 
  "number of continuous time states": "1", 
  "linear": "0"
}
unitTests.x[1]=[533.1500244140625, 541.93035875588157068705, 551.46948213758696510922, 561.39349246930953540868, 571.22674501936126034707, 580.420654296875, 588.43243217187455229578, 594.78833059599116950267, 599.13250680635258049733, 601.27233885163150262088, 601.20709228515625, 599.13128711600427322992, 595.40918146233843799564, 590.54198960456471922953, 585.12518183479585331952, 579.79559326171875, 575.16644397476898120658, 571.76745767545037324453, 569.99774174351477995515, 570.09063768376643110969, 572.0902099609375, 575.84637945569579642324, 581.03051510613647678838, 587.16913152799963881989, 593.69133899478197236022, 599.98516845703125, 605.45709622773006231, 609.591184552150593845, 611.99505636445212530816, 612.43987994687688569684, 610.890380859375, 607.53386988479837782506, 602.68219225486643608747, 596.85094917292428817746, 590.61084579477630995825, 584.57305908203125, 579.33385855355834337388, 575.40051457087702146964, 573.16668686323123438342, 572.85528594150628123316, 574.50506591796875, 577.96619121986884692888, 582.89075834963364286523, 588.80437104489760713477, 595.13201300845844343712, 601.24676513671875, 606.55975722329822019674, 610.54993110695590985415, 612.83013481101284014585, 613.17840542958549576724, 611.55548095703125, 608.13012228259606217762, 603.23271580987704965082, 597.33924463934158666234, 591.037786771257970031, 584.93798828125, 579.6385460111741849687, 575.66076227232599649142, 573.39099554017400350858, 573.05706818954820391809, 574.68438720703125, 578.11810770887393573503, 583.02704981407521245274, 588.91997167029978754726, 595.22796029282631025126, 601.33404541015625, 606.63525770441992790438, 610.61792425146074947406, 612.88787408838300052594, 613.22778287896619531239, 611.602294921875, 608.16546163445593720098, 603.26427098635690526862, 597.37116602536195841822, 591.06128531444687723706, 584.96002197265625, 579.65801622328217490576, 575.67736383249769005488, 573.40637640187730994512, 573.06683381990330872213, 574.6973876953125, 578.12895419476899405709, 583.03205470550233258109, 588.92949314606005373207, 595.23476449368024532305, 601.33819580078125, 606.64060477291502593289, 610.62134222416875672934, 612.89336724848749327066, 613.22936391623261442874, 611.60382080078125, 608.17121670762674057187, 603.26390477821325930563, 597.37226465538049069437, 591.06491811815226355975, 584.9600830078125, 579.65962715322825715702, 575.67760797603307310055, 573.40814641849817689945, 573.06824349167254695203, 574.69012451171875]
time=[0., 10.]
