last-generated=2018-04-02
statistics-simulation=
{
  "numerical Jacobians": "0", 
  "nonlinear": "1, 1, 1", 
  "number of continuous time states": "170", 
  "linear": "0, 0, 0, 0, 0, 0, 0, 0, 0, 0, 0, 0, 0, 0, 0, 0, 0, 0, 0, 0"
}
unitTests.x[1]=[102590.765625, 100113.3046875, 100303.0390625, 100439.4921875, 100500.078125, 100474.4296875, 100403.515625, 100327.3984375, 100272.6796875, 100239.25, 100222.2578125, 100212.65625, 100207.7265625, 100206.15625, 100205.078125, 100204.3125, 100203.8515625, 100203.6328125, 100203.6015625, 100203.5859375, 100203.5546875, 100203.5234375, 100203.5078125, 100203.4921875, 100203.484375, 100203.4765625, 100203.4765625, 100203.484375, 100203.484375, 100203.4921875, 100203.4921875, 100203.4921875, 100203.4921875, 100203.4921875, 100203.4921875, 100203.4921875, 100203.484375, 100203.484375, 100203.484375, 100203.484375, 100203.484375, 100203.484375, 100203.484375, 100203.484375, 100203.484375, 100203.484375, 100203.484375, 100203.484375, 100203.484375, 100203.484375, 100203.4921875, 100203.4921875, 100203.4921875, 100203.484375, 100203.484375, 100203.484375, 100203.484375, 100203.484375, 100203.484375, 100203.484375, 100203.484375, 100203.484375, 100203.484375, 100203.484375, 100203.484375, 100203.484375, 100203.484375, 100203.484375, 100203.484375, 100203.484375, 100203.484375, 100203.484375, 100203.484375, 100203.484375, 100203.484375, 100203.484375, 100203.484375, 100203.484375, 100203.484375, 100203.484375, 100203.484375, 100203.484375, 100203.484375, 100203.484375, 100203.484375, 100203.484375, 100203.484375, 100203.484375, 100203.484375, 100203.484375, 100203.484375, 100203.484375, 100203.484375, 100203.484375, 100203.484375, 100203.484375, 100203.484375, 100203.484375, 100203.484375, 100203.484375, 100203.484375]
time=[0., 1000.]
unitTests.x[2]=[367649.65625, 366048.25, 362502.15625, 361284.71875, 360969.28125, 360888.0625, 360856.5, 360840.25, 360828.40625, 360820.5625, 360815.9375, 360813.09375, 360811.5, 360810.875, 360810.53125, 360810.3125, 360810.15625, 360810.09375, 360810.0625, 360810.0625, 360810.0625, 360810.03125, 360810.03125, 360810.03125, 360810.03125, 360810.03125, 360810.03125, 360810.03125, 360810.03125, 360810.03125, 360810.03125, 360810.03125, 360810.03125, 360810.03125, 360810.03125, 360810.03125, 360810.03125, 360810.03125, 360810.03125, 360810.03125, 360810.03125, 360810.03125, 360810.03125, 360810.03125, 360810.03125, 360810.03125, 360810.03125, 360810.03125, 360810.03125, 360810.03125, 360810.03125, 360810.03125, 360810.03125, 360810.03125, 360810.03125, 360810.03125, 360810.03125, 360810.03125, 360810.03125, 360810.03125, 360810.03125, 360810.03125, 360810.03125, 360810.03125, 360810.03125, 360810.03125, 360810.03125, 360810.03125, 360810.03125, 360810.03125, 360810.03125, 360810.03125, 360810.03125, 360810.03125, 360810.03125, 360810.03125, 360810.03125, 360810.03125, 360810.03125, 360810.03125, 360810.03125, 360810.03125, 360810.03125, 360810.03125, 360810.03125, 360810.03125, 360810.03125, 360810.03125, 360810.03125, 360810.03125, 360810.03125, 360810.03125, 360810.03125, 360810.03125, 360810.03125, 360810.03125, 360810.03125, 360810.03125, 360810.03125, 360810.03125, 360810.03125]
unitTests.x[3]=[0., 0.0006408846820704639, 0.00385476532392203808, 0.00796242617070674896, 0.01155042368918657303, 0.01398842316120862961, 0.01536786742508411407, 0.01603097841143608093, 0.01633650623261928558, 0.01646256260573863983, 0.01650166884064674377, 0.01652397774159908295, 0.01653293706476688385, 0.01653272286057472229, 0.01653386838734149933, 0.01653472520411014557, 0.01653517037630081177, 0.01653529331088066101, 0.01653517968952655792, 0.01653513871133327484, 0.01653517410159111023, 0.01653520017862319946, 0.016535220667719841, 0.01653523370623588562, 0.01653524115681648254, 0.01653524301946163177, 0.01653523929417133331, 0.01653523370623588562, 0.01653522439301013947, 0.01653521507978439331, 0.01653521694242954254, 0.01653521880507469177, 0.016535220667719841, 0.01653522253036499023, 0.01653522439301013947, 0.01653522439301013947, 0.0165352262556552887, 0.0165352262556552887, 0.01653522811830043793, 0.01653522811830043793, 0.01653522811830043793, 0.01653522811830043793, 0.01653522811830043793, 0.01653522811830043793, 0.01653522811830043793, 0.01653522811830043793, 0.0165352262556552887, 0.0165352262556552887, 0.0165352262556552887, 0.01653522439301013947, 0.01653522439301013947, 0.01653522439301013947, 0.01653522439301013947, 0.01653522439301013947, 0.01653522439301013947, 0.01653522439301013947, 0.01653522439301013947, 0.01653522439301013947, 0.01653522439301013947, 0.0165352262556552887, 0.0165352262556552887, 0.0165352262556552887, 0.0165352262556552887, 0.0165352262556552887, 0.0165352262556552887, 0.0165352262556552887, 0.0165352262556552887, 0.0165352262556552887, 0.0165352262556552887, 0.0165352262556552887, 0.0165352262556552887, 0.0165352262556552887, 0.0165352262556552887, 0.0165352262556552887, 0.0165352262556552887, 0.0165352262556552887, 0.0165352262556552887, 0.0165352262556552887, 0.0165352262556552887, 0.0165352262556552887, 0.0165352262556552887, 0.0165352262556552887, 0.0165352262556552887, 0.0165352262556552887, 0.0165352262556552887, 0.0165352262556552887, 0.0165352262556552887, 0.0165352262556552887, 0.0165352262556552887, 0.0165352262556552887, 0.0165352262556552887, 0.0165352262556552887, 0.0165352262556552887, 0.0165352262556552887, 0.0165352262556552887, 0.0165352262556552887, 0.0165352262556552887, 0.0165352262556552887, 0.0165352262556552887, 0.0165352262556552887, 0.0165352262556552887]
