last-generated=2017-10-27
statistics-initialization=
{
  "numerical Jacobians": "2", 
  "nonlinear": "1, 1, 1", 
  "linear": "0, 0"
}
statistics-simulation=
{
  "numerical Jacobians": "2", 
  "nonlinear": "1, 1, 1", 
  "number of continuous time states": "5", 
  "linear": "2, 2"
}
unitTests.x[1]=[600000., 612371.4375, 612371.4375, 612371.4375, 612371.4375, 612371.4375, 612371.4375, 612371.4375, 612371.4375, 612371.4375, 612371.4375, 612205.3125, 612040.3125, 611876.625, 611714.1875, 611552.9375, 611392.9375, 611234.1875, 611076.625, 610920.3125, 610765.125, 610611.125, 610458.375, 610306.75, 610156.25, 610006.9375, 609858.75, 609711.6875, 609565.8125, 609421., 609277.25, 609134.6875, 608993.1875, 608852.75, 641958.5625, 642852.0625, 643675.4375, 644491.1875, 612886.75, 612716.5625, 612547.6875, 612380.125, 612213.8125, 612048.75, 611884.9375, 611722.4375, 611561.125, 611401.0625, 611242.1875, 611084.5625, 610928.125, 610772.875, 610618.8125, 610465.9375, 610314.1875, 610163.6875, 610014.25, 609866., 609718.875, 609572.875, 609428., 609284.25, 609141.5625, 609000., 608859.5, 641846.125, 642797.8125, 643621.6875, 644438., 621893.25, 612727.3125, 612558.3125, 612390.625, 612224.25, 612059.125, 611895.25, 611732.625, 611571.25, 611411.0625, 611252.125, 611094.4375, 610937.9375, 610782.5625, 610628.4375, 610475.5, 610323.6875, 610173.0625, 610023.625, 609875.3125, 609728.0625, 609582., 609437.0625, 609293.25, 609150.5, 609008.8125, 608868.25, 641680.4375, 642743.5625, 643568., 644384.75, 644374.5625]
time=[0., 2000.]
