last-generated=2017-10-27
statistics-initialization=
{
  "numerical Jacobians": "1", 
  "nonlinear": "82"
}
statistics-simulation=
{
  "numerical Jacobians": "0", 
  "nonlinear": "1, 1, 1, 1, 1, 1, 1, 1, 1, 1, 1, 1, 1, 1, 1, 1, 1, 1, 1, 1, 1, 1", 
  "number of continuous time states": "104", 
  "linear": "2, 2, 2, 2, 2, 2, 2, 2, 2, 2, 2, 2, 2, 2, 2, 2, 2, 2, 2, 2"
}
unitTests.x[1]=[297.21142578125, 297.21142578125, 297.21142578125, 297.21142578125, 297.21142578125, 297.21142578125, 297.21142578125, 297.21142578125, 297.21142578125, 297.21142578125, 297.21142578125, 297.21142578125, 297.21142578125, 297.21142578125, 297.21142578125, 297.21142578125, 297.21142578125, 297.21142578125, 297.21142578125, 297.21142578125, 297.21142578125, 297.21142578154103830457, 297.83459349445064390238, 309.42908202355204139167, 315.46413678876223229963, 319.04791259765625, 320.8667933717686082673, 323.67053090277352112025, 325.48681734164802037412, 327.35796951502402407641, 328.90911865234375, 330.45883323895532157621, 331.89150934088621625051, 333.26449649149498100087, 334.59173459405309358772, 335.8692626953125, 337.10095329731228730452, 338.29037419546460796482, 339.44458061865640274846, 340.56481828019502700045, 341.654449462890625, 342.71673683737850524267, 343.75000193133200809825, 344.74435238714619345046, 345.69055087392831637771, 346.594573974609375, 347.46753011061889537814, 348.30325471662365544034, 349.08926245733027826645, 349.82134942419298795357, 350.49212646484375, 351.1030278914846007865, 351.65316871268538534423, 352.15115265466653227122, 352.59634358901490713833, 352.99041748046875, 353.33294707434862402806, 353.62136888696159076062, 353.84869345970179210781, 354.01126085565181256243, 354.109619140625, 354.14389037751243449748, 354.11489854718081460305, 354.0159304196715766011, 353.83819600217992729085, 353.577178955078125, 353.19702104970889422475, 352.76974404998975387571, 352.30075167655104451114, 351.77951102904677327388, 351.2064208984375, 350.57641540880956654291, 349.92068353301027627822, 349.24041883554440346416, 348.53009100942352915808, 347.791534423828125, 347.04305957906694857229, 346.27691502310193527592, 345.49624783470204647529, 344.70410232269279049433, 343.899627685546875, 343.08664252008162520724, 342.26391443503217715261, 341.43448034239571597936, 340.60116257944929429868, 339.762847900390625, 338.92630324202730207617, 338.08849937734362356423, 337.25702062181539986341, 336.43243094820252281352, 335.613006591796875, 334.79873967058853168055, 333.98965301688292584004, 333.19491728019238507841, 332.40881049756262655137, 331.631195068359375, 330.86203295067252838635, 330.10269022375354097676, 329.35928485644080865313, 328.62716398150007535151, 327.906402587890625]
time=[0., 10.]
unitTests.x[2]=[302.413482666015625, 302.413482666015625, 302.413482666015625, 302.413482666015625, 302.413482666015625, 302.413482666015625, 302.413482666015625, 302.413482666015625, 302.413482666015625, 302.413482666015625, 302.413482666015625, 302.413482666015625, 302.413482666015625, 302.413482666015625, 302.413482666015625, 302.413482666015625, 302.413482666015625, 302.413482666015625, 302.413482666015625, 302.413482666015625, 302.413482666015625, 302.41351318490342237055, 303.23220675143096514148, 320.53616119771118064818, 322.48147026847635743252, 326.9967041015625, 329.7333380724600715439, 332.05496143650020712812, 334.27755813593176981158, 335.88455058488625581958, 337.478271484375, 338.95828378285057169705, 340.33367857137579903792, 341.58288631895322851051, 342.7653492428352137722, 343.874664306640625, 344.91348361712971382076, 345.88583328803315453115, 346.79824870894702826263, 347.6510612209669375261, 348.447479248046875, 349.19070502367748076722, 349.87750367802919981841, 350.49499399989036874103, 351.03353833436221975717, 351.5030517578125, 351.91613805459962804889, 352.26254329853748004098, 352.52972367347638282808, 352.71527085246623300918, 352.815399169921875, 352.83261105400737278615, 352.76824930711865135891, 352.63452179316692536304, 352.4306032472234164743, 352.15997314453125, 351.82434046306264008308, 351.4231558957245624697, 350.95471285877374612028, 350.41888481401889521294, 349.81805419921875, 349.15594416181494352713, 348.43853616429123576381, 347.66436919558475437952, 346.83313069742951029184, 345.944122314453125, 344.96334738400668129543, 343.96920601453001609116, 343.00076487515070766676, 341.98486424065868050093, 340.978546142578125, 339.97360133667734771734, 338.9750652443017315818, 337.98401066393302016877, 337.00097749993528850609, 336.028778076171875, 335.06088165042370974334, 334.10317811730612902466, 333.15805232786976830539, 332.2275704620705596426, 331.31103515625, 330.40860327430152665329, 329.52023147591739871132, 328.64639447707156705292, 327.78759441415746778148, 326.943756103515625, 326.11654976177777598423, 325.30523528732601334923, 324.51168973181688670593, 323.73605054774947120677, 322.97784423828125, 322.23715489816964918646, 321.51388414096629730921, 320.80972422953215072994, 320.12359361577620120443, 319.455535888671875, 318.80551392684202482997, 318.17373538951301270572, 317.56103631077252202886, 316.96679465035413159057, 316.3909912109375]
unitTests.x[3]=[307.61419677734375, 307.61419677734375, 307.61419677734375, 307.61419677734375, 307.61419677734375, 307.61419677734375, 307.61419677734375, 307.61419677734375, 307.61419677734375, 307.61419677734375, 307.61419677734375, 307.61419677734375, 307.61419677734375, 307.61419677734375, 307.61419677734375, 307.61419677734375, 307.61419677734375, 307.61419677734375, 307.61419677734375, 307.61419677734375, 307.61419677734375, 307.61459353234386071563, 311.45403448734731455261, 326.1486874497551298191, 329.29937264276207997682, 335.41424560546875, 338.7962662292135860298, 340.20065158954679418457, 342.46542451836376130814, 343.90173165453433057337, 345.29217529296875, 346.4561778096259558879, 347.47381543942856296781, 348.39215128665131260277, 349.20703051410896478046, 349.916839599609375, 350.52563528876686405056, 351.03567482356424989121, 351.45108049325079946357, 351.77224704378721753528, 352.002960205078125, 352.14559944978105932023, 352.19552610325627028942, 352.14135761017695358532, 351.97998066141752815383, 351.7259521484375, 351.39001427809091637755, 350.96310332487252026112, 350.44262801599791146145, 349.8302008136239464875, 349.127166748046875, 348.33917156758178634846, 347.4721967572679091063, 346.5425738433858668941, 345.54916478766335785622, 344.49810791015625, 343.39834487158702813758, 342.2530190108788588077, 341.06750717532338512683, 339.84997675984163834073, 338.607391357421875, 337.35003542186927916191, 336.09032962872652205988, 334.83157588477706667618, 333.5813305332860636554, 332.3408203125, 331.0736377355631248065, 329.88931056047812262477, 328.75598359288619576546, 327.64590556736317239483, 326.586700439453125, 325.58209133273248880869, 324.60757264273536293331, 323.66171439271585086317, 322.74615565841753550558, 321.8616943359375, 320.9887076758014927691, 320.13851769192689289412, 319.31146396201950210525, 318.50772170498458990551, 317.727203369140625, 316.96652508695092365087, 316.22683577143732236436, 315.50732557699467406565, 314.80715679872270129636, 314.12689208984375, 313.46658574027367194503, 312.82617067624067885845, 312.20584223207208651729, 311.60561909403662639306, 311.02545166015625, 310.46536465473309363006, 309.9253529948995264931, 309.40420630129608525749, 308.90264705794015753781, 308.420745849609375, 307.95849782713446529669, 307.51559365734715356666, 307.09066852058089125421, 306.68481294790933588956, 306.297943115234375]
unitTests.x[4]=[312.813079833984375, 312.813079833984375, 312.813079833984375, 312.813079833984375, 312.813079833984375, 312.813079833984375, 312.813079833984375, 312.813079833984375, 312.813079833984375, 312.813079833984375, 312.813079833984375, 312.813079833984375, 312.813079833984375, 312.813079833984375, 312.813079833984375, 312.813079833984375, 312.813079833984375, 312.813079833984375, 312.813079833984375, 312.813079833984375, 312.813079833984375, 312.82223550323436711551, 323.51057877486590541594, 331.25208030238479750551, 336.3910864872195247699, 342.47637939453125, 345.82504308753448185598, 346.27624462154881257447, 347.99868826138896338307, 349.0909724374937468383, 349.96783447265625, 350.58697561614150117748, 351.05258160229988106948, 351.32888803134858335397, 351.46548454696306862388, 351.45306396484375, 351.29568458205881142931, 350.9967958227354642986, 350.56219457865495314763, 349.99667417188231866021, 349.310455322265625, 348.50860512626161380467, 347.59097101649786054622, 346.55853476928513146049, 345.42538563572560406101, 344.212982177734375, 342.92922846943719150659, 341.57366677321010683954, 340.16107451048708298913, 338.6965041027592633327, 337.178436279296875, 335.61492768770989414406, 334.01360776036449351523, 332.394015555389387373, 330.75540317697016234888, 329.108917236328125, 327.47909391720747862564, 325.87572941661062486673, 324.31528004521084085354, 322.81784198159721199772, 321.39495849609375, 320.06213257863305443607, 318.83257833414035076203, 317.70150965074043369896, 316.66488742848832771415, 315.711395263671875, 314.7911674515336812874, 313.98684538015947964595, 313.21652363852035705349, 312.47479317415923105727, 311.757781982421875, 311.07003718885181342557, 310.39767329773047777053, 309.74008301063560111288, 309.09851135409610378701, 308.47454833984375, 307.85723818818166819256, 307.25408822187347368526, 306.66406361729713125897, 306.08526666087033163421, 305.518218994140625, 304.96765344398932029435, 304.43200583100525591362, 303.91427709247329858044, 303.41735654631213492394, 302.939727783203125, 302.48434618786728833584, 302.04992595311000513902, 301.6355293397614332207, 301.24111792611500959538, 300.866851806640625, 300.51278818535388381861, 300.17889342132514229888, 299.85974180609719041968, 299.5586841962320931998, 299.275848388671875, 299.01126196768683485061, 298.7639155566681097298, 298.52969403802586612073, 298.31173626603049342521, 298.110015869140625]
unitTests.x[5]=[318.0115966796875, 318.0115966796875, 318.0115966796875, 318.0115966796875, 318.0115966796875, 318.0115966796875, 318.0115966796875, 318.0115966796875, 318.0115966796875, 318.0115966796875, 318.0115966796875, 318.0115966796875, 318.0115966796875, 318.0115966796875, 318.0115966796875, 318.0115966796875, 318.0115966796875, 318.0115966796875, 318.0115966796875, 318.0115966796875, 318.0115966796875, 318.21747368274890277462, 332.91384821185721420989, 333.95160028888608394482, 341.2323218380544176398, 343.78948974609375, 346.98770363125578342078, 347.84350575860287335672, 348.58761617634468166216, 349.02484112654911996287, 349.01849365234375, 348.73843337979587886366, 348.16024812280403466502, 347.31860305876716665807, 346.28619490776429756806, 345.066986083984375, 343.67993022239397760131, 342.13562087883548201717, 340.4638053217923925331, 338.68612844037289733023, 336.828704833984375, 334.90435604096097677029, 332.92571639496236457489, 330.91626360820743002478, 328.91015815601167560089, 326.92193603515625, 324.94552424599351070356, 322.99163449962736649468, 321.08465935808249014372, 319.21313659043687493977, 317.27960205078125, 315.33843810437070942498, 313.41500495496097755677, 311.57233011682149026456, 309.80923625375879737476, 308.168121337890625, 306.70489373197654003889, 305.43465969030307860521, 304.37671084352945172213, 303.54745553887983078312, 302.950408935546875, 302.57922338601179035322, 302.39898660744051994698, 302.32351693446986473646, 302.28735354269156232476, 302.22283935546875, 302.04388403330790424661, 301.70941088913173189212, 301.27905361447568566291, 300.79409839515619751182, 300.26641845703125, 299.73025461545279313214, 299.20205589028677195529, 298.68545627454386703903, 298.1860661501127651718, 297.71051025390625, 297.24420122621773998617, 296.79855264141144743917, 296.41705384489671359916, 296.15078756932075521036, 295.98455810546875, 295.81292787239385688736, 295.67010474880754600235, 295.54791283513804955874, 295.43310506829044470578, 295.3333740234375, 295.23938022622985499765, 295.15527328820076036209, 295.07635512831279811508, 295.00228854944612066902, 294.934173583984375, 294.87194847035630118626, 294.81564320577547277935, 294.76235971721831674586, 294.71386701346307290805, 294.670257568359375, 294.63153090199602957, 294.59713738627181101037, 294.56469732470441158512, 294.53601064149057719987, 294.511077880859375]
unitTests.x[6]=[129873.2734375, 129873.2734375, 129873.2734375, 129873.2734375, 129873.2734375, 129873.2734375, 129873.2734375, 129873.2734375, 129873.2734375, 129873.2734375, 129873.2734375, 129873.2734375, 129873.2734375, 129873.2734375, 129873.2734375, 129873.2734375, 129873.2734375, 129873.2734375, 129873.2734375, 129873.2734375, 129873.2734375, 129873.27343779802322387695, 130884.08393567609891761094, 150380.08598402896313928068, 159659.36713970446726307273, 165148.140625, 166883.84643914061598479748, 169854.48298282045288942754, 171082.76629514311207458377, 172306.93652568664401769638, 172941.1875, 173550.48491054825717583299, 173950.98420989498845301569, 174247.95324629556853324175, 174473.17169029993237927556, 174626.96875, 174722.20318304008105769753, 174767.09373476356267929077, 174781.60937425494194030762, 174772.45314131680061109364, 174750.96875, 174727.15622787174652330577, 174702.31244471663376316428, 174664.3594657481589820236, 174603.17194086319068446755, 174535.578125, 174486.20308797058532945812, 174448.14055421942612156272, 174406.98445829757838509977, 174358.96880237763980403543, 174296.90625, 174226.03117951744934543967, 174149.2654913364676758647, 174087.35948288452345877886, 174039.12503769996692426503, 174012.46875, 174011.70313923060894012451, 174033.68755438929656520486, 174068.31242281189770437777, 174112.23432925337692722678, 174167.203125, 174234.45319741970160976052, 174315.59390586629160679877, 174395.71860173330060206354, 174456.95307761424919590354, 174490.5, 174428.23424819100182503462, 174380.56249642372131347656, 174353.43756124383071437478, 174338.40625916421413421631, 174327.703125, 174319.37499254941940307617, 174318.81251057982444763184, 174324.01561754941940307617, 174327.96874627470970153809, 174332.125, 174336.78125514090061187744, 174342.57813721895217895508, 174350.56248152253101579845, 174362.15623770654201507568, 174376.921875, 174390.95307135704206302762, 174405.500028609560104087, 174419.42185086067183874547, 174431.51566880842437967658, 174442.578125, 174452.67183804596425034106, 174461.78126624188735149801, 174470.67185801305458880961, 174479.37503248377470299602, 174487.734375, 174495.7499699003528803587, 174503.40626534784678369761, 174511.48435965215321630239, 174519.5000300996471196413, 174527.421875, 174535.28122019834700040519, 174543.15626564587000757456, 174551.43748405613587237895, 174559.84378218578058294952, 174568.359375]
unitTests.x[7]=[128565.0703125, 128565.0703125, 128565.0703125, 128565.0703125, 128565.0703125, 128565.0703125, 128565.0703125, 128565.0703125, 128565.0703125, 128565.0703125, 128565.0703125, 128565.0703125, 128565.0703125, 128565.0703125, 128565.0703125, 128565.0703125, 128565.0703125, 128565.0703125, 128565.0703125, 128565.0703125, 128565.0703125, 128565.0937519371509552002, 129761.71654900326393544674, 156991.96473476651590317488, 158880.53886368105304427445, 165388.609375, 168649.62422655450063757598, 170605.81220827222568914294, 172485.68787249212618917227, 173267.32757604069774970412, 174056.6875, 174666.71917408745503053069, 175138.14043992740334942937, 175439.07824767392594367266, 175667.48418709618272259831, 175824.59375, 175922.40631027525523677468, 175969.56248368319938890636, 175986., 175978.15626527369022369385, 175958.203125, 175937.21873129901359789073, 175915.64057373994728550315, 175877.95321917542605660856, 175813.59381929045775905252, 175745.671875, 175701.70309415456722490489, 175668.06243264669319614768, 175627.89070844658999703825, 175578.70317812269786372781, 175515.546875, 175443.3905533998622559011, 175365.48424163449089974165, 175304.82822886118083260953, 175259.79690919819404371083, 175237.546875, 175239.50001549723674543202, 175263.4063130319700576365, 175303.48428559294552542269, 175354.14057224983116611838, 175415.203125, 175486.53132539993384853005, 175570.12515988960512913764, 175652.23422300801030360162, 175716.12494963401695713401, 175752.609375, 175675.4216884372872300446, 175604.78144088404951617122, 175622.62510773551184684038, 175579.84376080334186553955, 175570.21875, 175563.20311844348907470703, 175561.65625551342964172363, 175564.95311576128005981445, 175569.73437038064002990723, 175574.796875, 175580.09375543892383575439, 175586.21876281499862670898, 175594.59373062846134416759, 175606.73436218500137329102, 175622.21875, 175636.85931897291447967291, 175652.03127980165299959481, 175666.5312248176196590066, 175679.10942029848229140043, 175690.59375, 175701.1562112578540109098, 175710.71876698694541119039, 175720.03123211901402100921, 175729.17190897386171855032, 175737.953125, 175746.39059341026586480439, 175754.46876609287573955953, 175762.90623390712426044047, 175771.23440658973413519561, 175779.484375, 175787.60934430430643260479, 175795.73439109287573955953, 175804.23435875811264850199, 175812.82815778179792687297, 175821.5]
unitTests.x[8]=[127669.71875, 127669.71875, 127669.71875, 127669.71875, 127669.71875, 127669.71875, 127669.71875, 127669.71875, 127669.71875, 127669.71875, 127669.71875, 127669.71875, 127669.71875, 127669.71875, 127669.71875, 127669.71875, 127669.71875, 127669.71875, 127669.71875, 127669.71875, 127669.71875, 127670.25784904512693174183, 133190.86629108258057385683, 153752.63398980465717613697, 157527.25957184450817294419, 166236.921875, 170515.64175741482176817954, 171107.59206206936505623162, 173290.68833599321078509092, 174138.70164553678478114307, 174982.5625, 175514.64109021468902938068, 175896.76543717068852856755, 176212.53137349348980933428, 176439.15606507641496136785, 176593.15625, 176691.73443713790038600564, 176740.51560812440584413707, 176757.57812514901161193848, 176750.35938937962055206299, 176733.015625, 176715.49998360869358293712, 176694.89057001465698704123, 176654.56260088094859384, 176589.50006765133002772927, 176527.1875, 176488.62497101721237413585, 176455.65618085855385288596, 176415.57820740350871346891, 176366.890678495226893574, 176302.90625, 176230.28117907041450962424, 176153.49987184989731758833, 176097.06259343036799691617, 176058.42190375927020795643, 176040.921875, 176046.5781437754922080785, 176074.12507197266677394509, 176119.32802501312107779086, 176175.54681673640152439475, 176241.953125, 176317.81257905074744485319, 176404.92203846588381566107, 176487.56234994516125880182, 176550.43745037907501682639, 176582.6875, 176472.9842619745759293437, 176441.8906552493863273412, 176445.96877816322376020253, 176411.48439943793346174061, 176393.96875, 176386.89061881601810455322, 176384.96875372529029846191, 176387.5624904632568359375, 176392.62499515712261199951, 176398.140625, 176403.84375573694705963135, 176410.17188796401023864746, 176418.78122988340328447521, 176431.48436151444911956787, 176447.71875, 176462.59369367489125579596, 176477.67190450362977571785, 176492.0468498176196590066, 176504.57817029848229140043, 176516.03125, 176526.6562109598598908633, 176536.32814228493953123689, 176545.73435697000240907073, 176554.92190927188494242728, 176563.75, 176572.21871811224264092743, 176580.29689109287573955953, 176588.71873405613587237895, 176597.01565658973413519561, 176605.203125, 176613.26559460232965648174, 176621.29689094386412762105, 176629.68748390712426044047, 176638.14065748377470299602, 176646.65625]
unitTests.x[9]=[126753.90625, 126753.90625, 126753.90625, 126753.90625, 126753.90625, 126753.90625, 126753.90625, 126753.90625, 126753.90625, 126753.90625, 126753.90625, 126753.90625, 126753.90625, 126753.90625, 126753.90625, 126753.90625, 126753.90625, 126753.90625, 126753.90625, 126753.90625, 126753.90625, 126765.85208951732784043998, 141518.67261353955836966634, 151112.97618639437132515013, 158360.05403285412467084825, 167239.59375, 171962.76533524662954732776, 171717.90589933810406364501, 173757.0004721437580883503, 174842.71868577593704685569, 175678.71875, 176210.98484893189743161201, 176658.71856999379815533757, 176965.65637166809756308794, 177188.64044357818784192204, 177339.671875, 177437.04693713790038600564, 177486.46873267737100832164, 177504.01562511175870895386, 177497.89063744246959686279, 177485.453125, 177473.07811084389686584473, 177452.15618592494865879416, 177407.01573541772086173296, 177344.09381087130168452859, 177293.890625, 177261.60934527215431444347, 177227.48430258029839023948, 177187.67195457228808663785, 177141.015678495226893574, 177075.859375, 177003.04680652910610660911, 176929.84363362181466072798, 176881.59382435685256496072, 176854.03127019110252149403, 176842.4375, 176853.6093998104624915868, 176887.65633493670611642301, 176939.71863690007012337446, 177002.1718109994544647634, 177074.5625, 177156.15633404263644479215, 177248.1251664461160544306, 177329.24985903486958704889, 177387.01557977494667284191, 177402.03125, 177276.62503568831016309559, 177271.82800579059403389692, 177259.34373137351940385997, 177237.37502913179923780262, 177215.609375, 177207.3281179964542388916, 177204.56250208616256713867, 177206.46874076128005981445, 177211.29687045514583587646, 177216.8125, 177222.50000566244125366211, 177228.73438766598701477051, 177237.42185413834522478282, 177250.68748584389686584473, 177267.90625, 177282.60932046300149522722, 177296.87502726851380430162, 177310.35935100968345068395, 177322.40629351040115579963, 177333.46875, 177343.7968368539004586637, 177353.28126713595702312887, 177362.45310756604885682464, 177371.35940807982115074992, 177379.875, 177388.01559460232965648174, 177395.75001534784678369761, 177403.81248465215321630239, 177411.75002980165299959481, 177419.546875, 177427.2187207943934481591, 177434.82814019883517175913, 177442.79685980116482824087, 177450.81253069569356739521, 177458.890625]
unitTests.x[10]=[125349.9609375, 125349.9609375, 125349.9609375, 125349.9609375, 125349.9609375, 125349.9609375, 125349.9609375, 125349.9609375, 125349.9609375, 125349.9609375, 125349.9609375, 125349.9609375, 125349.9609375, 125349.9609375, 125349.9609375, 125349.9609375, 125349.9609375, 125349.9609375, 125349.9609375, 125349.9609375, 125349.9609375, 125636.06227368841064162552, 149174.51346693729283288121, 151516.14230555456015281379, 163180.67335297306999564171, 167205.234375, 172357.11294293744140304625, 173623.74988734710495918989, 175011.87548603909090161324, 176144.17109723313478752971, 176829.671875, 177376.28163884617970325053, 177788.53106995654525235295, 178082.65636529785115271807, 178294.37482669932069256902, 178439.84375, 178535.65631273394683375955, 178586.29685689506004564464, 178604.4531251862645149231, 178602.68750528991222381592, 178602.53125, 178599.43748763203620910645, 178575.29678991428227163851, 178520.95324942481238394976, 178468.76566448810626752675, 178445.84375, 178419.70308990773628465831, 178382.59367728227516636252, 178344.45319846278289332986, 178301.46880468731978908181, 178232.109375, 178158.39056345814606174827, 178095.71866297713131643832, 178066.0781577825837302953, 178061.39062976837158203125, 178056.25, 178076.82816441360046155751, 178125.64073064932017587125, 178187.35924580681603401899, 178256.78118033701321110129, 178335.71875, 178424.54696522661834023893, 178522.42203652873286046088, 178593.18739539376110769808, 178633.98434288796852342784, 178573.140625, 178535.06252026560832746327, 178494.28123956918716430664, 178458.4532001019106246531, 178446.96876005828380584717, 178433.296875, 178422.85936583578586578369, 178418.62500044703483581543, 178419.71874225139617919922, 178423.85937105119228363037, 178428.8125, 178433.98438021540641784668, 178439.71876177191734313965, 178449.01560071107815019786, 178465.35935711857746355236, 178487.75, 178502.85932374116964638233, 178515.01564586116001009941, 178526.20310294677619822323, 178537.37504112627357244492, 178547.890625, 178557.70308864201069809496, 178566.84376653991057537496, 178575.56248360910103656352, 178583.90628069569356739521, 178591.796875, 178599.23434728448046371341, 178606.23438900677138008177, 178613.57811099322861991823, 178620.76565211950219236314, 178627.796875, 178634.67184907256159931421, 178641.46876355973654426634, 178648.60936129125184379518, 178655.76565241749631240964, 178662.96875]
