last-generated=2017-10-27
statistics-initialization=
{
  "numerical Jacobians": "2", 
  "nonlinear": "14, 1"
}
statistics-simulation=
{
  "numerical Jacobians": "4", 
  "nonlinear": "2, 1, 1, 1", 
  "number of continuous time states": "15", 
  "linear": "0, 0, 2, 0, 0"
}
unitTests.x[1]=[344.798248291015625, 344.798248291015625, 344.798248291015625, 344.798248291015625, 344.798248291015625, 344.798248291015625, 344.798248291015625, 344.798248291015625, 344.798248291015625, 344.798248291015625, 344.798248291015625, 344.798248291015625, 344.798248291015625, 344.798248291015625, 344.798248291015625, 344.798248291015625, 344.798248291015625, 344.798248291015625, 344.798248291015625, 344.798248291015625, 344.798248291015625, 344.798248291015625, 344.798248291015625, 344.798248291015625, 344.798248291015625, 344.798248291015625, 344.798248291015625, 344.798248291015625, 344.798248291015625, 344.798248291015625, 344.798248291015625, 344.798248291015625, 344.798248291015625, 344.798248291015625, 341.969146728515625, 342.05120849609375, 342.128997802734375, 342.200225830078125, 342.265655517578125, 342.325897216796875, 342.38134765625, 342.43243408203125, 342.479461669921875, 342.52276611328125, 342.562652587890625, 342.59942626953125, 342.63330078125, 342.664520263671875, 342.693267822265625, 342.71978759765625, 342.744171142578125, 342.7666015625, 342.7872314453125, 342.80621337890625, 342.82366943359375, 342.8397216796875, 342.854522705078125, 342.868194580078125, 342.880828857421875, 342.89239501953125, 342.903045654296875, 342.912933349609375, 342.922088623046875, 342.930450439453125, 342.93817138671875, 342.9453125, 342.95196533203125, 342.9580078125, 342.963592529296875, 342.96875, 342.97357177734375, 342.977996826171875, 342.982086181640625, 342.98583984375, 342.98931884765625, 342.9925537109375, 342.99554443359375, 342.998291015625, 343.000823974609375, 343.003143310546875, 343.005340576171875, 343.007354736328125, 343.00921630859375, 343.010955810546875, 343.0125732421875, 343.014068603515625, 343.015472412109375, 343.0167236328125, 343.017852783203125, 343.01885986328125, 343.019775390625, 343.020599365234375, 343.0213623046875, 343.02203369140625, 343.022674560546875, 343.023223876953125, 343.02374267578125, 343.024200439453125, 343.024658203125, 343.025054931640625, 343.02545166015625]
time=[0., 6000.]
unitTests.x[2]=[296.5728759765625, 296.5728759765625, 296.5728759765625, 296.5728759765625, 296.5728759765625, 296.5728759765625, 296.5728759765625, 296.5728759765625, 296.5728759765625, 296.5728759765625, 296.5728759765625, 296.5728759765625, 296.5728759765625, 296.5728759765625, 296.5728759765625, 296.5728759765625, 296.5728759765625, 296.5728759765625, 296.5728759765625, 296.5728759765625, 296.5728759765625, 296.5728759765625, 296.5728759765625, 296.5728759765625, 296.5728759765625, 296.5728759765625, 296.5728759765625, 296.5728759765625, 296.5728759765625, 296.5728759765625, 296.5728759765625, 296.5728759765625, 296.5728759765625, 296.5728759765625, 310.63201904296875, 313.100189208984375, 313.132781982421875, 313.113250732421875, 313.128875732421875, 313.15643310546875, 313.184661865234375, 313.208465576171875, 313.230072021484375, 313.250213623046875, 313.2684326171875, 313.2841796875, 313.2984619140625, 313.31219482421875, 313.3251953125, 313.3372802734375, 313.34857177734375, 313.35894775390625, 313.368438720703125, 313.37701416015625, 313.384857177734375, 313.392181396484375, 313.39892578125, 313.4051513671875, 313.410888671875, 313.4161376953125, 313.42095947265625, 313.425445556640625, 313.429595947265625, 313.433349609375, 313.436859130859375, 313.440093994140625, 313.443115234375, 313.44586181640625, 313.448394775390625, 313.45074462890625, 313.45294189453125, 313.4549560546875, 313.456817626953125, 313.458526611328125, 313.460113525390625, 313.461578369140625, 313.462921142578125, 313.46417236328125, 313.465301513671875, 313.46636962890625, 313.46734619140625, 313.46826171875, 313.4691162109375, 313.46990966796875, 313.47064208984375, 313.4713134765625, 313.471954345703125, 313.4725341796875, 313.473052978515625, 313.4735107421875, 313.473907470703125, 313.47430419921875, 313.474639892578125, 313.474945068359375, 313.4752197265625, 313.475494384765625, 313.4757080078125, 313.475921630859375, 313.47613525390625, 313.476318359375, 313.47650146484375]
unitTests.x[3]=[129992.484375, 129992.484375, 129992.484375, 129992.484375, 129992.484375, 129992.484375, 129992.484375, 129992.484375, 129992.484375, 129992.484375, 129992.484375, 129992.484375, 129992.484375, 129992.484375, 129992.484375, 129992.484375, 129992.484375, 129992.484375, 129992.484375, 129992.484375, 129992.484375, 129992.484375, 129992.484375, 129992.484375, 129992.484375, 129992.484375, 129992.484375, 129992.484375, 129992.484375, 129992.484375, 129992.484375, 129992.484375, 129992.484375, 129992.484375, 129888.625, 129889.9375, 129891.03125, 129891.921875, 129892.6640625, 129893.28125, 129893.796875, 129894.2265625, 129894.578125, 129894.875, 129895.1171875, 129895.3203125, 129895.484375, 129895.6171875, 129895.7265625, 129895.8125, 129895.8828125, 129895.9375, 129895.9765625, 129896.0078125, 129896.03125, 129896.046875, 129896.0546875, 129896.0625, 129896.0625, 129896.0625, 129896.0625, 129896.0546875, 129896.046875, 129896.0390625, 129896.03125, 129896.0234375, 129896.015625, 129896.0078125, 129896., 129895.9921875, 129895.984375, 129895.96875, 129895.9609375, 129895.953125, 129895.9453125, 129895.9375, 129895.9375, 129895.9296875, 129895.921875, 129895.9140625, 129895.90625, 129895.90625, 129895.8984375, 129895.8984375, 129895.890625, 129895.890625, 129895.8828125, 129895.8828125, 129895.875, 129895.875, 129895.8671875, 129895.8671875, 129895.8671875, 129895.8671875, 129895.859375, 129895.859375, 129895.859375, 129895.859375, 129895.859375, 129895.8515625, 129895.8515625]
