last-generated=2018-03-29
statistics-initialization=
{
  "numerical Jacobians": "2", 
  "nonlinear": "21, 21", 
  "linear": "10, 10, 10, 10"
}
statistics-simulation=
{
  "numerical Jacobians": "0", 
  "nonlinear": "6, 6, 6, 6, 6, 6, 6, 6, 6, 6, 6, 6, 6, 6, 6, 6, 6, 6, 6, 6", 
  "number of continuous time states": "100", 
  "linear": "0, 0, 0, 0, 0, 0, 0, 0, 0, 0, 0, 0, 0, 0, 0, 0, 0, 0, 0, 0"
}
unitTests.x[1]=[231.3004913330078125, 231.3004913330078125, 231.3004913330078125, 231.3004913330078125, 231.3004913330078125, 231.3004913330078125, 231.3004913330078125, 231.3004913330078125, 231.3004913330078125, 231.3004913330078125, 231.3004913330078125, 231.3004913330078125, 231.3004913330078125, 231.3004913330078125, 231.3004913330078125, 231.3004913330078125, 231.3004913330078125, 231.3004913330078125, 231.3004913330078125, 231.3004913330078125, 231.3004913330078125, 231.3004913330078125, 231.3004913330078125, 231.3004913330078125, 231.3004913330078125, 231.3004913330078125, 231.3004913330078125, 231.3004913330078125, 231.3004913330078125, 231.3004913330078125, 231.3004913330078125, 231.3004913330078125, 231.3004913330078125, 231.3004913330078125, 231.3004913330078125, 231.3004913330078125, 231.3004913330078125, 231.3004913330078125, 231.3004913330078125, 231.3004913330078125, 231.3004913330078125, 231.3004913330078125, 231.3004913330078125, 231.3004913330078125, 231.3004913330078125, 231.3004913330078125, 231.3004913330078125, 231.3004913330078125, 231.3004913330078125, 231.3004913330078125, 231.3004913330078125, 231.3004913330078125, 231.3004913330078125, 231.3004913330078125, 231.3004913330078125, 231.3004913330078125, 231.3004913330078125, 231.3004913330078125, 231.3004913330078125, 231.3004913330078125, 231.3004913330078125, 231.3004913330078125, 231.3004913330078125, 231.3004913330078125, 231.3004913330078125, 231.3004913330078125, 231.3004913330078125, 231.3004913330078125, 231.3004913330078125, 231.3004913330078125, 231.3004913330078125, 231.3004913330078125, 231.3004913330078125, 231.3004913330078125, 231.3004913330078125, 231.3004913330078125, 231.3004913330078125, 231.3004913330078125, 231.3004913330078125, 231.3004913330078125, 231.3004913330078125, 231.3004913330078125, 231.3004913330078125, 231.3004913330078125, 231.3004913330078125, 231.3004913330078125, 231.3004913330078125, 231.3004913330078125, 231.3004913330078125, 231.3004913330078125, 231.3004913330078125, 231.3004913330078125, 231.3004913330078125, 231.3004913330078125, 231.3004913330078125, 231.3004913330078125, 231.3004913330078125, 231.3004913330078125, 231.3004913330078125, 231.3004913330078125, 231.3004913330078125]
time=[0., 1.]
unitTests.x[2]=[202.638885498046875, 202.638885498046875, 202.638885498046875, 202.638885498046875, 202.638885498046875, 202.638885498046875, 202.638885498046875, 202.638885498046875, 202.638885498046875, 202.638885498046875, 202.638885498046875, 202.638885498046875, 202.638885498046875, 202.638885498046875, 202.638885498046875, 202.638885498046875, 202.638885498046875, 202.638885498046875, 202.638885498046875, 202.638885498046875, 202.638885498046875, 202.638885498046875, 202.638885498046875, 202.638885498046875, 202.638885498046875, 202.638885498046875, 202.638885498046875, 202.638885498046875, 202.638885498046875, 202.638885498046875, 202.638885498046875, 202.638885498046875, 202.638885498046875, 202.638885498046875, 202.638885498046875, 202.638885498046875, 202.638885498046875, 202.638885498046875, 202.638885498046875, 202.638885498046875, 202.638885498046875, 202.638885498046875, 202.638885498046875, 202.638885498046875, 202.638885498046875, 202.638885498046875, 202.638885498046875, 202.638885498046875, 202.638885498046875, 202.638885498046875, 202.638885498046875, 202.638885498046875, 202.638885498046875, 202.638885498046875, 202.638885498046875, 202.638885498046875, 202.638885498046875, 202.638885498046875, 202.638885498046875, 202.638885498046875, 202.638885498046875, 202.638885498046875, 202.638885498046875, 202.638885498046875, 202.638885498046875, 202.638885498046875, 202.638885498046875, 202.638885498046875, 202.638885498046875, 202.638885498046875, 202.638885498046875, 202.638885498046875, 202.638885498046875, 202.638885498046875, 202.638885498046875, 202.638885498046875, 202.638885498046875, 202.638885498046875, 202.638885498046875, 202.638885498046875, 202.638885498046875, 202.638885498046875, 202.638885498046875, 202.638885498046875, 202.638885498046875, 202.638885498046875, 202.638885498046875, 202.638885498046875, 202.638885498046875, 202.638885498046875, 202.638885498046875, 202.638885498046875, 202.638885498046875, 202.638885498046875, 202.638885498046875, 202.638885498046875, 202.638885498046875, 202.638885498046875, 202.638885498046875, 202.638885498046875, 202.638885498046875]
unitTests.x[3]=[615.51312255859375, 615.51312255859375, 615.51312255859375, 615.51312255859375, 615.51312255859375, 615.51312255859375, 615.51312255859375, 615.51312255859375, 615.51312255859375, 615.51312255859375, 615.51312255859375, 615.51312255859375, 615.51312255859375, 615.51312255859375, 615.51312255859375, 615.51312255859375, 615.51312255859375, 615.51312255859375, 615.51312255859375, 615.51312255859375, 615.51312255859375, 615.51312255859375, 615.51312255859375, 615.51312255859375, 615.51312255859375, 615.51312255859375, 615.51312255859375, 615.51312255859375, 615.51312255859375, 615.51312255859375, 615.51312255859375, 615.51312255859375, 615.51312255859375, 615.51312255859375, 615.51312255859375, 615.51312255859375, 615.51312255859375, 615.51312255859375, 615.51312255859375, 615.51312255859375, 615.51312255859375, 615.51312255859375, 615.51312255859375, 615.51312255859375, 615.51312255859375, 615.51312255859375, 615.51312255859375, 615.51312255859375, 615.51312255859375, 615.51312255859375, 615.51312255859375, 615.51312255859375, 615.51312255859375, 615.51312255859375, 615.51312255859375, 615.51312255859375, 615.51312255859375, 615.51312255859375, 615.51312255859375, 615.51312255859375, 615.51312255859375, 615.51312255859375, 615.51312255859375, 615.51312255859375, 615.51312255859375, 615.51312255859375, 615.51312255859375, 615.51312255859375, 615.51312255859375, 615.51312255859375, 615.51312255859375, 615.51312255859375, 615.51312255859375, 615.51312255859375, 615.51312255859375, 615.51312255859375, 615.51312255859375, 615.51312255859375, 615.51312255859375, 615.51312255859375, 615.51312255859375, 615.51312255859375, 615.51312255859375, 615.51312255859375, 615.51312255859375, 615.51312255859375, 615.51312255859375, 615.51312255859375, 615.51312255859375, 615.51312255859375, 615.51312255859375, 615.51312255859375, 615.51312255859375, 615.51312255859375, 615.51312255859375, 615.51312255859375, 615.51312255859375, 615.51312255859375, 615.51312255859375, 615.51312255859375, 615.51312255859375]
unitTests.x[4]=[329.064483642578125, 329.064483642578125, 329.064483642578125, 329.064483642578125, 329.064483642578125, 329.064483642578125, 329.064483642578125, 329.064483642578125, 329.064483642578125, 329.064483642578125, 329.064483642578125, 329.064483642578125, 329.064483642578125, 329.064483642578125, 329.064483642578125, 329.064483642578125, 329.064483642578125, 329.064483642578125, 329.064483642578125, 329.064483642578125, 329.064483642578125, 329.064483642578125, 329.064483642578125, 329.064483642578125, 329.064483642578125, 329.064483642578125, 329.064483642578125, 329.064483642578125, 329.064483642578125, 329.064483642578125, 329.064483642578125, 329.064483642578125, 329.064483642578125, 329.064483642578125, 329.064483642578125, 329.064483642578125, 329.064483642578125, 329.064483642578125, 329.064483642578125, 329.064483642578125, 329.064483642578125, 329.064483642578125, 329.064483642578125, 329.064483642578125, 329.064483642578125, 329.064483642578125, 329.064483642578125, 329.064483642578125, 329.064483642578125, 329.064483642578125, 329.064483642578125, 329.064483642578125, 329.064483642578125, 329.064483642578125, 329.064483642578125, 329.064483642578125, 329.064483642578125, 329.064483642578125, 329.064483642578125, 329.064483642578125, 329.064483642578125, 329.064483642578125, 329.064483642578125, 329.064483642578125, 329.064483642578125, 329.064483642578125, 329.064483642578125, 329.064483642578125, 329.064483642578125, 329.064483642578125, 329.064483642578125, 329.064483642578125, 329.064483642578125, 329.064483642578125, 329.064483642578125, 329.064483642578125, 329.064483642578125, 329.064483642578125, 329.064483642578125, 329.064483642578125, 329.064483642578125, 329.064483642578125, 329.064483642578125, 329.064483642578125, 329.064483642578125, 329.064483642578125, 329.064483642578125, 329.064483642578125, 329.064483642578125, 329.064483642578125, 329.064483642578125, 329.064483642578125, 329.064483642578125, 329.064483642578125, 329.064483642578125, 329.064483642578125, 329.064483642578125, 329.064483642578125, 329.064483642578125, 329.064483642578125, 329.064483642578125]
