last-generated=2017-10-26
statistics-simulation=
{
  "numerical Jacobians": "0", 
  "nonlinear": " ", 
  "number of continuous time states": "14", 
  "linear": " "
}
unitTests.x[1]=[298.149993896484375, 298.149993896484375, 298.149993896484375, 298.149993896484375, 298.149993896484375, 298.149993896484375, 298.149993896484375, 298.149993896484375, 298.149993896484375, 298.1500244140625, 298.1500244140625, 298.1500244140625, 298.1500244140625, 298.1500244140625, 298.150054931640625, 298.150054931640625, 298.150054931640625, 298.15008544921875, 298.15008544921875, 298.150115966796875, 298.15014648413045961206, 298.150146484375, 298.150177001953125, 298.15020751953125, 298.150238037109375, 298.1502685546875, 298.15032958958693143359, 298.150360107421875, 298.150390625, 298.15045166015625, 298.1505126953125, 298.15057373045652866494, 298.150634765625, 298.15069580078125, 298.15078735334441262239, 298.15087890612772980603, 298.15097045891099014625, 298.15106201169430732989, 298.15115356447756767011, 298.15127563483900985375, 298.1513977045889873807, 298.15151977495042956434, 298.15167236288993990456, 298.15179443325132524478, 298.15197753847553485684, 298.15213012670852776864, 298.15231323222621995228, 298.1524963377438552925, 298.15270996083967247614, 298.15292358393543281636, 298.153167724609375, 298.15341186533220252386, 298.15368652241033942119, 298.15396118071129194504, 298.15426635659031262549, 298.15457153246939014934, 298.1549072259265926732, 298.15527343669293713901, 298.15563964777715000309, 298.15603637643954471059, 298.15646362268000757467, 298.15689086892052728217, 298.15737915031724014625, 298.15786742987972957053, 298.15838622885462427803, 298.15893554540758714211, 298.15951537909847957053, 298.16012573085663461825, 298.16076660019291466597, 298.16146850133497991919, 298.16217040893337753005, 298.16290282799582200823, 298.16369628832876514934, 298.16452026012558462753, 298.16540527314401742842, 298.16632079711268943356, 298.16729736362367475522, 298.16839599249857428731, 298.16958618296126815039, 298.17098998607667681426, 298.17269896287041319738, 298.1749572699856116742, 298.17813108238550512397, 298.18298339007316144489, 298.19097895381810303661, 298.20489500559068574148, 298.23037705208821535052, 298.27883910137410339303, 298.37429761967001695666, 298.56839003439921498284, 298.97601145349801754492, 299.85924478073479804152, 301.83791427110935501332, 306.42693212704273264535, 317.45489615072131073248, 344.83743136846595689349, 414.78594525348978550028, 596.12225955175051694823, 1058.59186974930389624205, 2139.86487002504145493731, 3972.4765625]
time=[0., 11.8999996185302734375]
