last-generated=2017-10-26
statistics-simulation=
{
  "numerical Jacobians": "0", 
  "nonlinear": " ", 
  "number of continuous time states": "50", 
  "linear": " "
}
unitTests.x[1]=[46.84999847412109375, 46.912998199462890625, 46.975872039794921875, 47.038578033447265625, 47.10111236572265625, 47.1634674072265625, 47.22564697265625, 47.28765106201171875, 47.349475860595703125, 47.411113739013671875, 47.472568511962890625, 47.533843994140625, 47.59493255615234375, 47.655841827392578125, 47.7165679931640625, 47.7771148681640625, 47.8374786376953125, 47.897617340087890625, 47.95754241943359375, 48.017269134521484375, 48.076801300048828125, 48.136135101318359375, 48.19527435302734375, 48.254215240478515625, 48.312957763671875, 48.3715057373046875, 48.429859161376953125, 48.48801422119140625, 48.5459747314453125, 48.60373687744140625, 48.661304473876953125, 48.7186737060546875, 48.775848388671875, 48.8328094482421875, 48.88951873779296875, 48.94602203369140625, 49.002323150634765625, 49.05841827392578125, 49.11431121826171875, 49.169994354248046875, 49.2254791259765625, 49.280757904052734375, 49.3358306884765625, 49.390697479248046875, 49.445362091064453125, 49.499820709228515625, 49.5540771484375, 49.608127593994140625, 49.661975860595703125, 49.715618133544921875, 49.769077301025390625, 49.8223419189453125, 49.87540435791015625, 49.928264617919921875, 49.980926513671875, 50.033382415771484375, 50.08563995361328125, 50.1376953125, 50.18955230712890625, 50.24120330810546875, 50.29265594482421875, 50.34391021728515625, 50.39495849609375, 50.445804595947265625, 50.49645233154296875, 50.54689788818359375, 50.59714508056640625, 50.647186279296875, 50.69702911376953125, 50.746669769287109375, 50.796108245849609375, 50.845348358154296875, 50.89438629150390625, 50.9432220458984375, 50.991855621337890625, 51.040287017822265625, 51.088520050048828125, 51.1365509033203125, 51.18437957763671875, 51.2320098876953125, 51.2794342041015625, 51.32666015625, 51.37369537353515625, 51.420627593994140625, 51.467365264892578125, 51.513904571533203125, 51.560253143310546875, 51.60640716552734375, 51.652362823486328125, 51.69812774658203125, 51.743694305419921875, 51.78907012939453125, 51.834247589111328125, 51.879230499267578125, 51.92401885986328125, 51.9686126708984375, 52.013011932373046875, 52.057216644287109375, 52.101226806640625, 52.14504241943359375, 52.18865966796875]
time=[0., 100.]
