last-generated=2017-10-18
statistics-simulation=
{
  "numerical Jacobians": "0", 
  "nonlinear": "1, 1, 1", 
  "number of continuous time states": "90", 
  "linear": "0, 0, 0, 0, 0, 0, 0, 0, 0, 0, 0, 0, 0, 0, 0, 0, 0, 0, 0, 0"
}
unitTests.x[1]=[100088.890625, 100214.6875, 100214.8828125, 100214.9765625, 100214.9453125, 100214.84375, 100214.7265625, 100214.6171875, 100214.5546875, 100214.515625, 100214.484375, 100214.46875, 100214.4609375, 100214.4609375, 100214.4609375, 100214.46875, 100214.46875, 100214.4609375, 100214.4609375, 100214.4609375, 100214.4609375, 100214.4609375, 100214.4609375, 100214.4609375, 100214.4609375, 100214.4609375, 100214.4609375, 100214.4609375, 100214.4609375, 100214.4609375, 100214.4609375, 100214.4609375, 100214.4609375, 100214.4609375, 100214.4609375, 100214.4609375, 100214.4609375, 100214.4609375, 100214.4609375, 100214.4609375, 100214.4609375, 100214.4609375, 100214.4609375, 100214.4609375, 100214.4609375, 100214.4609375, 100214.4609375, 100214.4609375, 100214.4609375, 100214.4609375, 100214.4609375, 100214.4609375, 100214.4609375, 100214.4609375, 100214.4609375, 100214.4609375, 100214.4609375, 100214.4609375, 100214.4609375, 100214.4609375, 100214.4609375, 100214.4609375, 100214.4609375, 100214.4609375, 100214.4609375, 100214.4609375, 100214.4609375, 100214.4609375, 100214.4609375, 100214.4609375, 100214.4609375, 100214.4609375, 100214.4609375, 100214.4609375, 100214.4609375, 100214.4609375, 100214.4609375, 100214.4609375, 100214.4609375, 100214.4609375, 100214.4609375, 100214.4609375, 100214.4609375, 100214.4609375, 100214.4609375, 100214.4609375, 100214.4609375, 100214.4609375, 100214.4609375, 100214.4609375, 100214.4609375, 100214.4609375, 100214.4609375, 100214.4609375, 100214.4609375, 100214.4609375, 100214.4609375, 100214.4609375, 100214.4609375, 100214.4609375, 100214.4609375]
unitTests.x[2]=[100088.890625, 100000.2265625, 100000.2265625, 100000.2265625, 100000.2265625, 100000.2265625, 100000.2265625, 100000.2265625, 100000.2265625, 100000.2265625, 100000.2265625, 100000.2265625, 100000.2265625, 100000.2265625, 100000.2265625, 100000.2265625, 100000.2265625, 100000.2265625, 100000.2265625, 100000.2265625, 100000.2265625, 100000.2265625, 100000.2265625, 100000.2265625, 100000.2265625, 100000.2265625, 100000.2265625, 100000.2265625, 100000.2265625, 100000.2265625, 100000.2265625, 100000.2265625, 100000.2265625, 100000.2265625, 100000.2265625, 100000.2265625, 100000.2265625, 100000.2265625, 100000.2265625, 100000.2265625, 100000.2265625, 100000.2265625, 100000.2265625, 100000.2265625, 100000.2265625, 100000.2265625, 100000.2265625, 100000.2265625, 100000.2265625, 100000.2265625, 100000.2265625, 100000.2265625, 100000.2265625, 100000.2265625, 100000.2265625, 100000.2265625, 100000.2265625, 100000.2265625, 100000.2265625, 100000.2265625, 100000.2265625, 100000.2265625, 100000.2265625, 100000.2265625, 100000.2265625, 100000.2265625, 100000.2265625, 100000.2265625, 100000.2265625, 100000.2265625, 100000.2265625, 100000.2265625, 100000.2265625, 100000.2265625, 100000.2265625, 100000.2265625, 100000.2265625, 100000.2265625, 100000.2265625, 100000.2265625, 100000.2265625, 100000.2265625, 100000.2265625, 100000.2265625, 100000.2265625, 100000.2265625, 100000.2265625, 100000.2265625, 100000.2265625, 100000.2265625, 100000.2265625, 100000.2265625, 100000.2265625, 100000.2265625, 100000.2265625, 100000.2265625, 100000.2265625, 100000.2265625, 100000.2265625, 100000.2265625, 100000.2265625]
time=[0., 1000.]
unitTests.x[3]=[102590.765625, 100110.859375, 100303.4453125, 100438.4375, 100493.6796875, 100471.1640625, 100411.5390625, 100332.109375, 100278.6640625, 100245.171875, 100222.140625, 100208.125, 100201.6640625, 100201.3046875, 100205.59375, 100207.359375, 100206.2578125, 100205.34375, 100204.5859375, 100203.9921875, 100203.5390625, 100203.21875, 100203.0234375, 100202.9375, 100202.953125, 100203.046875, 100203.21875, 100203.453125, 100203.7421875, 100203.9296875, 100203.8671875, 100203.8125, 100203.7578125, 100203.7109375, 100203.6640625, 100203.625, 100203.5859375, 100203.5546875, 100203.53125, 100203.5078125, 100203.484375, 100203.46875, 100203.453125, 100203.4453125, 100203.4375, 100203.4296875, 100203.4296875, 100203.4296875, 100203.4296875, 100203.4375, 100203.4453125, 100203.453125, 100203.46875, 100203.4765625, 100203.4921875, 100203.5078125, 100203.53125, 100203.546875, 100203.546875, 100203.5390625, 100203.5390625, 100203.53125, 100203.5234375, 100203.5234375, 100203.515625, 100203.515625, 100203.5078125, 100203.5078125, 100203.5078125, 100203.5, 100203.5, 100203.5, 100203.4921875, 100203.4921875, 100203.4921875, 100203.4921875, 100203.484375, 100203.484375, 100203.484375, 100203.484375, 100203.484375, 100203.484375, 100203.484375, 100203.484375, 100203.484375, 100203.484375, 100203.484375, 100203.484375, 100203.484375, 100203.484375, 100203.484375, 100203.484375, 100203.484375, 100203.484375, 100203.484375, 100203.484375, 100203.4921875, 100203.4921875, 100203.4921875, 100203.4921875, 100203.4921875]
unitTests.x[4]=[367649.65625, 366046.96875, 362518.125, 361266.625, 360988.75, 360890.96875, 360847.15625, 360840.78125, 360833.125, 360823.125, 360816.1875, 360811.875, 360809.8125, 360809.5, 360810.59375, 360811.09375, 360810.8125, 360810.5625, 360810.375, 360810.1875, 360810.0625, 360810., 360809.9375, 360809.90625, 360809.90625, 360809.90625, 360809.96875, 360810., 360810.09375, 360810.125, 360810.125, 360810.09375, 360810.09375, 360810.09375, 360810.0625, 360810.0625, 360810.0625, 360810.03125, 360810.03125, 360810.03125, 360810.03125, 360810.03125, 360810.03125, 360810.03125, 360810.03125, 360810.03125, 360810.03125, 360810.03125, 360810.03125, 360810.03125, 360810.03125, 360810.03125, 360810.03125, 360810.03125, 360810.03125, 360810.03125, 360810.03125, 360810.03125, 360810.03125, 360810.03125, 360810.03125, 360810.03125, 360810.03125, 360810.03125, 360810.03125, 360810.03125, 360810.03125, 360810.03125, 360810.03125, 360810.03125, 360810.03125, 360810.03125, 360810.03125, 360810.03125, 360810.03125, 360810.03125, 360810.03125, 360810.03125, 360810.03125, 360810.03125, 360810.03125, 360810.03125, 360810.03125, 360810.03125, 360810.03125, 360810.03125, 360810.03125, 360810.03125, 360810.03125, 360810.03125, 360810.03125, 360810.03125, 360810.03125, 360810.03125, 360810.03125, 360810.03125, 360810.03125, 360810.03125, 360810.03125, 360810.03125, 360810.03125]
