last-generated=2019-01-08
statistics-simulation=
{
  "numerical Jacobians": "0", 
  "nonlinear": " ", 
  "linear": " "
}
unitTests.x[1]=[10., 10., 10., 10., 10., 10., 10., 10., 10., 10., 10., 10., 10., 10., 10., 10., 10., 10., 10., 10., 10., 10., 10., 10., 10., 10., 10., 9.9999990463279573305, 9.99987697573806144646, 9.99826145455427095499, 9.9915294647216796875, 9.975833871749253845, 9.94938184296917427218, 9.91285417480501429566, 9.86869625706553676991, 9.8202075958251953125, 9.77084345965245226751, 9.72378732941026413528, 9.68174932574127566909, 9.64690974380849297631, 9.62094593048095703125, 9.60510253014034809382, 9.60026932155597378937, 9.60705850305746622553, 9.62587545042149628216, 9.65697383880615234375, 9.7005033979713068959, 9.75654423439493889703, 9.82513222958719190103, 9.90628329641450733334, 10., 10.1062832964145066228, 10.22513222959628720332, 10.35654328072971885888, 10.50050339796676013293, 10.65697383880615234375, 10.82587545042604482148, 11.00705850306655975146, 11.20026836789075197487, 11.40510253014034702801, 11.62094593048095703125, 11.84690974380849226577, 12.08175037282533459404, 12.32378722299245943361, 12.57084345965245297805, 12.8202075958251953125, 13.06869625706553783573, 13.31285522472215276935, 13.54938176576209762914, 13.77583387174925277918, 13.9915294647216796875, 14.19826145455427024444, 14.39987697664073351689, 14.59999904630749334444, 14.80000000000000071054, 15., 15.19999999999999928946, 15.40000000000000035527, 15.60000000000000142109, 15.80000000000000071054, 16., 16.20000000000000284217, 16.39999999999999857891, 16.59999999999999786837, 16.80000000000000071054, 17., 17.19999999999999928946, 17.39999999999999857891, 17.60000000000000142109, 17.80000000000000071054, 18., 18.19999999999999928946, 18.40000000000000213163, 18.60000000000000142109, 18.79999999999999715783, 19., 19.19999999999999928946, 19.39999999999999857891, 19.60000000000000142109, 19.80000000000000071054, 20.]
time=[0., 20.]
unitTests.x[2]=[10.00041961669921875, 10.00049209594612875662, 10.00057697295872571885, 10.00067710875214288535, 10.00079536437220895095, 10.0009326934814453125, 10.00109481807430711342, 10.00128459932921032305, 10.00150680539206859976, 10.00176906592514569638, 10.0020751953125, 10.00243473043883568607, 10.00285720803594990969, 10.0033521654813721824, 10.00393295303319973755, 10.0046138763427734375, 10.00541305521642243548, 10.00634956312342360718, 10.00744819698638465866, 10.00873565707593115803, 10.01024532318115234375, 10.01201439088890943196, 10.01408672227716856185, 10.01651573308254405958, 10.01935863206562871142, 10.02268695831298828125, 10.02658272197004762916, 10.03113746412054574364, 10.03646183292449123314, 10.04268168772795810639, 10.0499420166015625, 10.05840779234859816427, 10.0682697246211265707, 10.07974434497373827924, 10.09307764612366220547, 10.1085453033447265625, 10.12645532562875771987, 10.14715098290615813426, 10.1710090760852960301, 10.19843766311348254305, 10.2298755645751953125, 10.26578811532002788454, 10.30665692150076928613, 10.35297193792566972093, 10.40522188688641591625, 10.46387577056884765625, 10.52937037446560708531, 10.60209384385976072451, 10.68236621216586534899, 10.77042952420825550064, 10.8664340972900390625, 10.97042952421280226361, 11.08236621216586570426, 11.20209289018544573935, 11.32937037446560779586, 11.46387577056884765625, 11.60522188688641698207, 11.75297289159088975907, 11.90665692149167398384, 12.06578811532002681872, 12.2298755645751953125, 12.39843766311802930602, 12.57100901562657746524, 12.74715103632083312846, 12.9264553256242109569, 13.1085453033447265625, 13.29307764612366327128, 13.47974526943505857446, 13.66826975019614387463, 13.85840779234859709845, 14.0499420166015625, 14.24268264139772632859, 14.43646277301776237323, 14.63113747596217706359, 14.82658176830027940696, 15.02268695831298828125, 15.21935863206562800087, 15.41651572688205718009, 15.61408672766593142001, 15.81201439088891014251, 16.0102443695068359375, 16.20873566212236838169, 16.40744819417382416304, 16.60634956556309305142, 16.80541305218219605422, 17.0046138763427734375, 17.20393104800599459736, 17.40335311787787375692, 17.60285720914323803754, 17.80243568271256648927, 18.0020751953125, 18.20176811327398525009, 18.40150680496518731388, 18.60128364604824113826, 18.80109481746040955841, 19.0009326934814453125, 19.20079345754055566431, 19.40067710856456173474, 19.60057601948719607776, 19.8004920956562351364, 20.00041961669921875]
unitTests.x[3]=[10., 10., 10., 10., 10., 10., 10., 10., 10., 10., 10., 10., 10., 10., 10., 10., 10., 10., 10., 10., 10., 10., 10., 10., 10., 10., 10.00005340594816516386, 10.00042629214431144646, 10.00144004895219040918, 10.00341319805920470287, 10.00666713714599609375, 10.01152039141743976813, 10.0182933771038698012, 10.02730656170843381858, 10.03888033611837116155, 10.053333282470703125, 10.07098676654097246796, 10.09216021410974306605, 10.11717320797971630952, 10.14634701641259084681, 10.18000030517578125, 10.21845344684155953985, 10.26202687604390462184, 10.31103982684171249673, 10.36581320080398960215, 10.426666259765625, 10.49392039416768263038, 10.56789317731650612586, 10.64890654772883138435, 10.73727980480626520432, 10.83333301544189453125, 10.93727980481081196729, 11.04890654772883173962, 11.16789317730741259993, 11.29391944049336515832, 11.426666259765625, 11.56581320080399066796, 11.711039826841712852, 11.86202592236958786032, 12.01845344683701100053, 12.18000030517578125, 12.34634701641713760978, 12.51717409777333855914, 12.6921593159237513504, 12.87098676654097317851, 13.053333282470703125, 13.238880336118370451, 13.42730749132204515206, 13.61829339611687572642, 13.81151943774766976958, 14.00666713714599609375, 14.20341319805920399233, 14.40144004565299518106, 14.60042629376548717346, 14.8000534059436184009, 15., 15.19999999999999928946, 15.40000000000000035527, 15.60000000000000142109, 15.80000000000000071054, 16., 16.20000000000000284217, 16.39999999999999857891, 16.59999999999999786837, 16.80000000000000071054, 17., 17.19999999999999928946, 17.39999999999999857891, 17.60000000000000142109, 17.80000000000000071054, 18., 18.19999999999999928946, 18.40000000000000213163, 18.60000000000000142109, 18.79999999999999715783, 19., 19.19999999999999928946, 19.39999999999999857891, 19.60000000000000142109, 19.80000000000000071054, 20.]
unitTests.x[4]=[10., 10., 10., 10., 10., 10., 10., 10., 10., 10., 10., 10., 10., 10., 10., 10., 10., 10., 10., 10., 10., 10., 10., 10., 10., 10., 10.00199985923882550765, 10.00800037021599209197, 10.01799965496184618985, 10.03199957313789525415, 10.05000019073486328125, 10.07199957313971516726, 10.09799955959350548085, 10.12800027484946951972, 10.16199966850214408964, 10.19999980926513671875, 10.2419996685057821395, 10.28800008411278810172, 10.33800032253250300585, 10.39200014534066696115, 10.44999980926513671875, 10.51200014534157567425, 10.57800019912259514854, 10.647999626928010386, 10.72200004997005073903, 10.80000019073486328125, 10.88200004997277936525, 10.96800058058959237428, 11.05799943618677971813, 11.15200033607371032929, 11.25, 11.35200033607370961874, 11.45800038986109647965, 11.56799962692437233613, 11.68200004997278007579, 11.80000019073486328125, 11.92200004997459927836, 12.04800058059323042414, 12.17800019912259479327, 12.31200014533702713493, 12.44999980926513671875, 12.5920001453406662506, 12.73800019912987124826, 12.88799924546010267079, 13.04199966850578285005, 13.19999980926513671875, 13.36200062217646156171, 13.52800019912714368786, 13.69799962692346362303, 13.87199957313516662794, 14.05000019073486328125, 14.23200052680766347635, 14.41800058059413913725, 14.60799943619132790218, 14.80199985923882621819, 15., 15.19999999999999928946, 15.40000000000000035527, 15.60000000000000142109, 15.80000000000000071054, 16., 16.20000000000000284217, 16.39999999999999857891, 16.59999999999999786837, 16.80000000000000071054, 17., 17.19999999999999928946, 17.39999999999999857891, 17.60000000000000142109, 17.80000000000000071054, 18., 18.19999999999999928946, 18.40000000000000213163, 18.60000000000000142109, 18.79999999999999715783, 19., 19.19999999999999928946, 19.39999999999999857891, 19.60000000000000142109, 19.80000000000000071054, 20.]
