last-generated=2018-12-20
statistics-simulation=
{
  "numerical Jacobians": "0", 
  "nonlinear": " ", 
  "linear": " "
}
unitTests.x[1]=[456.711822509765625, 464.82479875557532977837, 472.22302277332840958479, 478.94747967289185908157, 485.032288108551199457, 490.5066829594475734666, 495.3962103268380587906, 499.72375476038973829418, 503.51004090371372967638, 506.7740772750207156605, 509.53341636635548184131, 2864.12167472406963497633, 389.73668409140100266086, 165.01484716663719609642, 98.30404929072119557532, 69.29140234056769998006, 53.94066990018677643093, 44.77805082064831054822, 38.84214761648488689616, 34.76129834324252243505, 31.82640915712229556789, 29.63960526164347086819, 27.96302206020016711818, 26.64702656187752083383, 25.59351299129455981074, 24.73587799072265625, 24.02756058283134521503, 23.43518316405714330131, 22.93428045142456994654, 22.50658193452770916565, 22.13820689607116776187, 21.81844527780216580481, 21.53892689341310884288, 21.29302818439311195675, 21.0754471566693482032, 20.88190067963545715202, 20.70889496639162885572, 20.55355460590257621334, 20.41349976930736431768, 20.28673727100920842759, 20.1715985005172129263, 20.06666942858312552289, 19.97074687471582876697, 19.8828030240336950385, 19.80195234371607426738, 19.72743407366277779147, 19.65858465040912506083, 19.5948295520638708922, 19.53566354400039628558, 19.48064618439992656818, 19.4293842315673828125, 19.38153834730366398276, 19.33679953956518815517, 19.29489696413670074548, 19.25559052108471291831, 19.21866421225031373865, 19.18392182205035467746, 19.15118978147886252827, 19.12031359462428170559, 19.09114830250825889379, 19.06356627220866784, 19.03745464164996548107, 19.01270295344946603677, 18.98921965467270922545, 18.96691319231247163657, 18.94570536475195154935, 18.92552380983173421214, 18.90629771519744650732, 18.88796998356771084104, 18.87048148703474126364, 18.8537807270880506394, 18.83781811241726344974, 18.82255177021325209807, 18.80793764946382751191, 18.79393960357788628812, 18.780521392822265625, 18.76765249961883696983, 18.75529859151031786269, 18.74343487285533882414, 18.73203279996419112763, 18.72106934880663331455, 18.7105197931255453625, 18.70036315207892840817, 18.69058225942698925337, 18.68115422691330351768, 18.67206384888741155237, 18.79539205765500398115, 19.62839275964569907273, 20.53633734837297453169, 21.49828289254009305864, 22.50146347057266993374, 23.53775893948355957264, 24.60181056998487392207, 25.68990247464681431211, 26.79937580141838893155, 27.9282411811043012051, 29.07495556152234073011, 30.23826264475454195235, 31.41713297873689825224, 32.61066322406011863677, 33.818058013916015625]
time=[0., 1.]
unitTests.x[2]=[456.711822509765625, 464.82479875557532977837, 472.22302277332840958479, 478.94747967289185908157, 485.032288108551199457, 490.5066829594475734666, 495.3962103268380587906, 499.72375476038973829418, 503.51004090371372967638, 506.7740772750207156605, 509.53341636635548184131, 2864.12167472406963497633, 389.73668409140100266086, 165.01484716663719609642, 98.30404929072119557532, 69.29140234056769998006, 53.94066990018677643093, 44.77805082064831054822, 38.84214761648488689616, 34.76129834324252243505, 31.82640915712229556789, 29.63960526164347086819, 27.96302206020016711818, 26.64702656187752083383, 25.59351299129455981074, 24.73587799072265625, 24.02756058283134521503, 23.43518316405714330131, 22.93428045142456994654, 22.50658193452770916565, 22.13820689607116776187, 21.81844527780216580481, 21.53892689341310884288, 21.29302818439311195675, 21.0754471566693482032, 20.88190067963545715202, 20.70889496639162885572, 20.55355460590257621334, 20.41349976930736431768, 20.28673727100920842759, 20.1715985005172129263, 20.06666942858312552289, 19.97074687471582876697, 19.8828030240336950385, 19.80195234371607426738, 19.72743407366277779147, 19.65858465040912506083, 19.5948295520638708922, 19.53566354400039628558, 19.48064618439992656818, 19.4293842315673828125, 19.38153834730366398276, 19.33679953956518815517, 19.29489696413670074548, 19.25559052108471291831, 19.21866421225031373865, 19.18392182205035467746, 19.15118978147886252827, 19.12031359462428170559, 19.09114830250825889379, 19.06356627220866784, 19.03745464164996548107, 19.01270295344946603677, 18.98921965467270922545, 18.96691319231247163657, 18.94570536475195154935, 18.92552380983173421214, 18.90629771519744650732, 18.88796998356771084104, 18.87048148703474126364, 18.8537807270880506394, 18.83781811241726344974, 18.82255177021325209807, 18.80793764946382751191, 18.79393960357788628812, 18.780521392822265625, 18.76765249961883696983, 18.75529859151031786269, 18.74343487285533882414, 18.73203279996419112763, 18.72106934880663331455, 18.7105197931255453625, 18.70036315207892840817, 18.69058225942698925337, 18.68115422691330351768, 18.67206384888741155237, 18.79539205765500398115, 19.62839275964569907273, 20.53633734837297453169, 21.49828289254009305864, 22.50146347057266993374, 23.53775893948355957264, 24.60181056998487392207, 25.68990247464681431211, 26.79937580141838893155, 27.9282411811043012051, 29.07495556152234073011, 30.23826264475454195235, 31.41713297873689825224, 32.61066322406011863677, 33.818058013916015625]
unitTests.x[3]=[-27.5827808380126953125, -80.44655729572266977812, -134.9469629247822126672, -190.84843824648228860497, -247.92935696498904007967, -305.97942680202669407663, -364.79810364174369397006, -424.19326604661068813584, -483.98044895114082919463, -543.98203419006301828631, -604.02702963022056792397, -3581.50243501546128754853, -487.35473110382088179904, -206.34645505506929907824, -122.92649410977719526272, -86.64701164454903903334, -67.45135769808342729448, -55.99376084548063658985, -48.57108376090123869062, -43.46810051352368020616, -39.7981119258855429166, -37.06357804101765651694, -34.96705987421180594765, -33.32145371954048584939, -32.00406584521250863418, -30.9316234588623046875, -30.04589768107478775505, -29.30515172680665969551, -28.67879302341188463288, -28.14397198970019431385, -27.68333486845117263897, -27.28348741012023381813, -26.93396163716353441941, -26.62647857855985833453, -26.3544045421868240453, -26.11238656879531916388, -25.89605361027619423453, -25.70181092555849389214, -25.52667991409559888893, -25.36817338541229815974, -25.22420319235158459037, -25.09299655286358543549, -24.97305473667332265109, -24.86308677644122511197, -24.76199338526571480656, -24.66881550692799862645, -24.5827275018760644798, -24.50300978706129129137, -24.4290293887812985929, -24.36023718532838699957, -24.296142578125, -24.23631662613026449549, -24.18037785767038272411, -24.1279867637610401232, -24.07884226589347775871, -24.03267102842482927372, -23.98923302707466476136, -23.94830891644917514327, -23.90970414612698746737, -23.87323942477243576832, -23.83875664167726782239, -23.80610852043277958501, -23.77516366495977351292, -23.74580381943838247594, -23.7179164499582100234, -23.69140237395835413281, -23.66617209246559738745, -23.64213756680989675374, -23.61922456441716278164, -23.59736251324004996377, -23.57648274861226056487, -23.55652995709558794601, -23.53744321465183020337, -23.5191765173870983574, -23.5016784831947873613, -23.484905242919921875, -23.46881674224121283601, -23.45337674127998539575, -23.4385470929544403873, -23.42429545551653191637, -23.41059114156332654488, -23.39740562748424324013, -23.38471221036403591143, -23.37248609454342940239, -23.36070248443553509787, -23.3493423728846245524, -24.22281778621204040292, -29.82213504854809471567, -36.01194693455180129149, -42.78019206028386633989, -50.12319108806413225921, -58.040383907212984127, -66.53279946825294643986, -75.60215856993623617655, -85.25072717602387228908, -95.48103067915617714334, -106.29575455119811522309, -117.69749173059575753086, -129.68895678006998650744, -142.27247922832935955739, -155.450225830078125]
unitTests.x[4]=[-27.5827808380126953125, -80.44655729572266977812, -134.9469629247822126672, -190.84843824648228860497, -247.92935696498904007967, -305.97942680202669407663, -364.79810364174369397006, -424.19326604661068813584, -483.98044895114082919463, -543.98203419006301828631, -604.02702963022056792397, -3581.50243501546128754853, -487.35473110382088179904, -206.34645505506929907824, -122.92649410977719526272, -86.64701164454903903334, -67.45135769808342729448, -55.99376084548063658985, -48.57108376090123869062, -43.46810051352368020616, -39.7981119258855429166, -37.06357804101765651694, -34.96705987421180594765, -33.32145371954048584939, -32.00406584521250863418, -30.9316234588623046875, -30.04589768107478775505, -29.30515172680665969551, -28.67879302341188463288, -28.14397198970019431385, -27.68333486845117263897, -27.28348741012023381813, -26.93396163716353441941, -26.62647857855985833453, -26.3544045421868240453, -26.11238656879531916388, -25.89605361027619423453, -25.70181092555849389214, -25.52667991409559888893, -25.36817338541229815974, -25.22420319235158459037, -25.09299655286358543549, -24.97305473667332265109, -24.86308677644122511197, -24.76199338526571480656, -24.66881550692799862645, -24.5827275018760644798, -24.50300978706129129137, -24.4290293887812985929, -24.36023718532838699957, -24.296142578125, -24.23631662613026449549, -24.18037785767038272411, -24.1279867637610401232, -24.07884226589347775871, -24.03267102842482927372, -23.98923302707466476136, -23.94830891644917514327, -23.90970414612698746737, -23.87323942477243576832, -23.83875664167726782239, -23.80610852043277958501, -23.77516366495977351292, -23.74580381943838247594, -23.7179164499582100234, -23.69140237395835413281, -23.66617209246559738745, -23.64213756680989675374, -23.61922456441716278164, -23.59736251324004996377, -23.57648274861226056487, -23.55652995709558794601, -23.53744321465183020337, -23.5191765173870983574, -23.5016784831947873613, -23.484905242919921875, -23.46881674224121283601, -23.45337674127998539575, -23.4385470929544403873, -23.42429545551653191637, -23.41059114156332654488, -23.39740562748424324013, -23.38471221036403591143, -23.37248609454342940239, -23.36070248443553509787, -23.3493423728846245524, -24.22281778621204040292, -29.82213504854809471567, -36.01194693455180129149, -42.78019206028386633989, -50.12319108806413225921, -58.040383907212984127, -66.53279946825294643986, -75.60215856993623617655, -85.25072717602387228908, -95.48103067915617714334, -106.29575455119811522309, -117.69749173059575753086, -129.68895678006998650744, -142.27247922832935955739, -155.450225830078125]
