last-generated=2019-01-08
statistics-simulation=
{
  "numerical Jacobians": "0", 
  "nonlinear": " ", 
  "linear": " "
}
unitTests.x[1]=[0., 0.2000000000000000111, 0.4000000000000000222, 0.5999999999999999778, 0.80000000000000004441, 1., 1.19999999999999995559, 1.40000000000000013323, 1.60000000000000008882, 1.79999999999999982236, 2., 2.20000000000000017764, 2.39999999999999991118, 2.60000000000000008882, 2.80000000000000026645, 3., 3.20000000000000017764, 3.40000000000000035527, 3.59999999999999964473, 3.79999999999999982236, 4., 4.20000000000000017764, 4.40000000000000035527, 4.60000000000000053291, 4.79999999999999982236, 5., 5.20000000000000017764, 5.40000047683602169002, 5.60012302426307595482, 5.80173806861084528919, 6.00847005844116210938, 6.22416660508563168719, 6.45061815702968921471, 6.68714582519384848069, 6.93130326609958036244, 7.1797924041748046875, 7.42915654034754613377, 7.67621219375371577343, 7.91825067425872308746, 8.15309025619150773423, 8.37905406951904296875, 8.59489746985965119563, 8.79973163210924802513, 8.99294149693343847218, 9.17412454957395695487, 9.34302616119384765625, 9.49949660203324164343, 9.64345671927028114112, 9.77486777040371279668, 9.8937167035854933772, 10., 10.09371670358549266666, 10.17486777041280809897, 10.24345576560506110297, 10.2994966020286931041, 10.34302616119384765625, 10.37412454957850371784, 10.39294149694253377447, 10.39973067844402621063, 10.39489746985965190618, 10.37905406951904296875, 10.35309025619150702369, 10.31825058083988722046, 10.27621277700754021112, 10.22915654034754773249, 10.1797924041748046875, 10.13130374293446323009, 10.08714572895216399218, 10.05061823423790379195, 10.024166128250746155, 10.0084705352783203125, 10.00173854544572904501, 10.00012302336836000904, 10.00000095369250630029, 10., 10., 10., 10., 10., 10., 10., 10., 10., 10., 10., 10., 10., 10., 10., 10., 10., 10., 10., 10., 10., 10., 10., 10., 10., 10., 10.]
time=[0., 20.]
unitTests.x[2]=[-0.0004192579654045403, 0.19950800836201737498, 0.3994226694134100919, 0.59932247401559235467, 0.79920499325544658298, 0.99906712770462036133, 1.19890530113526661005, 1.39871551988015041523, 1.59849271777127066585, 1.79823141091172833406, 1.9979248046875, 2.19756503114286960709, 2.39714303038092468867, 2.5966480729366381297, 2.79606728538566384756, 2.9953861236572265625, 3.194587421619883294, 3.39365043687771317238, 3.59255227985020386683, 3.7912645813429315389, 3.98975491523742675781, 4.18798608594597521204, 4.3859128008868095705, 4.58348474375461556463, 4.7806408910994857564, 4.97731256484985351562, 5.17341775486483701485, 5.36886205904229640851, 5.56353769023948885319, 5.75731783543715813778, 5.95005846023559570312, 6.14159268448628647974, 6.33173027537773602802, 6.52025517819024091892, 6.7069218770414540387, 6.8914546966552734375, 7.07354467437351530634, 7.25284854025781999809, 7.42899140075072583755, 7.60156233688424443073, 7.77012395858764648438, 7.93421188468224514168, 8.09334307850832601616, 8.24702710840910846457, 8.39477811311358479429, 8.53612422943115234375, 8.6706296255343939805, 8.79790710981455426065, 8.91763378783413429574, 9.02957047578719773639, 9.1335659027099609375, 9.22957047579174449936, 9.31763378783413465101, 9.39790615614023927549, 9.47062962553439291469, 9.53612422943115234375, 9.59477811311358408375, 9.64702806207433027907, 9.69334307849923071387, 9.73421188467997211546, 9.7701244354248046875, 9.80156233688651745695, 9.82899098438251783705, 9.85284896367916651627, 9.87354467437124228013, 9.8914546966552734375, 9.90692235387633779453, 9.92025568423016324004, 9.93173024980385754645, 9.94159220765140183573, 9.9500579833984375, 9.95731831227204189361, 9.96353818065655261194, 9.96886252403782258114, 9.97341727802995237084, 9.97731304168701171875, 9.98064136793437128858, 9.98348427311794317518, 9.98591327232497505406, 9.98798560911109056804, 9.98975467681884765625, 9.99126433785944456645, 9.99255180582617263951, 9.99365043443690304059, 9.99458694783599455036, 9.9953861236572265625, 9.99606704468174989131, 9.99664783578734805758, 9.99714279086585655421, 9.99756527092537261581, 9.9979248046875, 9.99823093305169763312, 9.99849319502571987073, 9.99871540029563199425, 9.99890518253958759942, 9.9990673065185546875, 9.99920463512900070668, 9.99932289143543506782, 9.99942302685667883111, 9.99950790434376557414, 9.99958038330078125]
unitTests.x[3]=[0., 0.2000000000000000111, 0.4000000000000000222, 0.5999999999999999778, 0.80000000000000004441, 1., 1.19999999999999995559, 1.40000000000000013323, 1.60000000000000008882, 1.79999999999999982236, 2., 2.20000000000000017764, 2.39999999999999991118, 2.60000000000000008882, 2.80000000000000026645, 3., 3.20000000000000017764, 3.40000000000000035527, 3.59999999999999964473, 3.79999999999999982236, 4., 4.20000000000000017764, 4.40000000000000035527, 4.60000000000000053291, 4.79999999999999982236, 5., 5.1999470708889932169, 5.39957323101853070568, 5.59855995104894610392, 5.79658632510591065312, 5.99333333969116210938, 6.18848008541744487587, 6.38170662289499368569, 6.57269343829270447088, 6.76111966388163043717, 6.946666717529296875, 7.12901371029391128786, 7.30783978589025728922, 7.48282679202142020358, 7.65365298358513612698, 7.82000017166137695312, 7.98154702999787168949, 8.13797407763041213968, 8.288960173158287148, 8.43418679919601110839, 8.573333740234375, 8.70608055950663484168, 8.83210682269258740007, 8.95109345227116826038, 9.06272019518918803271, 9.16666698455810546875, 9.26272019519373479568, 9.35109345227116861565, 9.43210682268349387414, 9.50607960583231914597, 9.573333740234375, 9.63418679919601039785, 9.68896017315828572691, 9.73797312395609537816, 9.78154655315844046015, 9.81999969482421875, 9.85365298358740915319, 9.88282685590097820238, 9.90783973040193188808, 9.92901323345902753204, 9.946666717529296875, 9.96111966388163061481, 9.97269346234317666244, 9.98170660387403074765, 9.98847960858256023187, 9.99333286285400390625, 9.99658680194079529713, 9.99855995434700339786, 9.99957370623451247127, 9.99994659405183483614, 10., 10., 10., 10., 10., 10., 10., 10., 10., 10., 10., 10., 10., 10., 10., 10., 10., 10., 10., 10., 10., 10., 10., 10., 10., 10.]
unitTests.x[4]=[0., 0.2000000000000000111, 0.4000000000000000222, 0.5999999999999999778, 0.80000000000000004441, 1., 1.19999999999999995559, 1.40000000000000013323, 1.60000000000000008882, 1.79999999999999982236, 2., 2.20000000000000017764, 2.39999999999999991118, 2.60000000000000008882, 2.80000000000000026645, 3., 3.20000000000000017764, 3.40000000000000035527, 3.59999999999999964473, 3.79999999999999982236, 4., 4.20000000000000017764, 4.40000000000000035527, 4.60000000000000053291, 4.79999999999999982236, 5., 5.19800014076344751857, 5.39200010662002959805, 5.58199986820326987669, 5.76799995002722010184, 5.94999980926513671875, 6.12799995002767516894, 6.3019999635693366713, 6.47200020198768832813, 6.63799985466069841777, 6.80000019073486328125, 6.95800033149649177489, 7.11199991588607538517, 7.26200015430465395383, 7.40799985465933463757, 7.55000019073486328125, 7.68800033149558181833, 7.82200027771001593635, 7.9519998962393794173, 8.077999950025402498, 8.19999980926513671875, 8.31799995002722170057, 8.43200037307562766387, 8.54199961013890352035, 8.64799966392629038126, 8.75, 8.84799966392628967071, 8.94200056381322028187, 9.03199941941040762572, 9.11799995002722063475, 9.19999980926513671875, 9.27799995002994926097, 9.352000373071989614, 9.42199980087740485146, 9.48799985465842432575, 9.55000019073486328125, 9.60799985465933303885, 9.66199980087922405403, 9.71199980087467551471, 9.7580003314942178605, 9.80000019073486328125, 9.83800033149785591036, 9.87199980087285666741, 9.90200037307653779806, 9.92800042686028483274, 9.94999980926513671875, 9.96800042686210474585, 9.9820003730710809009, 9.99199961014345028332, 9.99800014076117449235, 10., 10., 10., 10., 10., 10., 10., 10., 10., 10., 10., 10., 10., 10., 10., 10., 10., 10., 10., 10., 10., 10., 10., 10., 10., 10.]
