last-generated=2018-12-20
statistics-simulation=
{
  "numerical Jacobians": "0", 
  "nonlinear": " ", 
  "linear": " "
}
unitTests.x[1]=[5750.91943359375, 6166.57911051050723472144, 6556.5278487641671745223, 6920.35842178025632165372, 7258.02590770048391277669, 7569.78708691103020100854, 7856.15970437272426352138, 8117.87841045660206873436, 8355.85843852648940810468, 8571.15715271284352638759, 8873.89775144238956272602, 28472.83116633480676682666, 38646.03897379345289664343, 38399.36710992098960559815, 38263.60938174159673508257, 38170.9336425162764498964, 38100.15622778800025116652, 38042.26563466012157732621, 37992.7148773194567183964, 37948.91795894785173004493, 37909.28516764703817898408, 37872.79294584067247342318, 37838.73046483612415613607, 37806.6054818699776660651, 37776.05857781393569894135, 37746.83203125, 37718.72653625538077903911, 37691.59377870796015486121, 37665.32422184198367176577, 37639.83591658952354919165, 37615.07034169690450653434, 37590.98438068105315323919, 37567.5507647656268090941, 37544.7578420554636977613, 37522.58985158706491347402, 37501.05076864224974997342, 37480.14846703218063339591, 37459.8984470274081104435, 37440.30858460443414514884, 37421.40622354117658687755, 37403.20704192526318365708, 37385.73046265916491393, 37368.99997866577177774161, 37353.03516743981890613213, 37337.85546524823439540341, 37323.47654594577761599794, 37309.91407355012051993981, 37297.17187354015186429024, 37285.26170649148843949661, 37274.17579151315294438973, 37263.9140625, 37254.46483520060428418219, 37245.81248439129558391869, 37237.93357251620182069018, 37230.8007959599926834926, 37224.38281983404158381745, 37218.6445325538661563769, 37213.53515285538742318749, 37209.01952424191404134035, 37205.03905287028464954346, 37201.55078911954478826374, 37198.50000413499947171658, 37195.83593870138429338112, 37193.5078114755597198382, 37191.46093478989496361464, 37189.65624599537841277197, 37188.04687904653110308573, 37186.59375234689650824293, 37185.2617196719947969541, 37184.02734346593933878466, 37182.8593736496040946804, 37181.74218519501300761476, 37180.66406557331356452778, 37179.61328322436747839674, 37178.57812598718737717718, 37177.5546875, 37176.54296780006552580744, 37172.80874143197434023023, 24534.27074342724881717004, 5431.07323578237264882773, 9.48741055188031978673, 9.4820356381672059598, 9.47682571045522159636, 9.47177504665537917106, 9.46687601735037276285, 9.4621219746989400079, 9.51976350777310109663, 9.91348342385858316561, 10.34425756842303911753, 10.80203123725137359656, 11.2807771908744882694, 11.77659379928695848605, 12.28683767114490876793, 12.8096319240728693245, 13.34360230927388357713, 13.88769978259078818894, 14.44109845827091298531, 15.00311880497256566969, 15.5732019936134253868, 16.15085355705405589788, 16.7356414794921875]
time=[0., 1.]
unitTests.x[2]=[7035.814453125, 7364.80420622500514582498, 7668.03370428152811655309, 7946.09669734317412803648, 8199.79299016226650564931, 8430.08885070782343973406, 9021.87974745721294311807, 16372.17115697673943941481, 34401.70949894714431138709, 38541.95322983644291525707, 38346.93361636654299218208, 38229.38671315509418491274, 38145.49216831071680644527, 38079.71090965351322665811, 38024.9804718105515348725, 37977.57033936860534595326, 37935.30467325079371221364, 37896.8125066566135501489, 37861.19533726847294019535, 37827.82421106660331133753, 37796.26172797007166082039, 37766.18357452870259294286, 37737.34765289026108803228, 37709.57813642497785622254, 37682.74217338699963875115, 37656.7421875, 37631.50388257583108497784, 37606.96877602575841592625, 37583.10156531491520581767, 37559.88279344750480959192, 37537.29690163577470229939, 37515.33984892348962603137, 37494.01170377436210401356, 37473.32815176383155630901, 37453.29297581872378941625, 37433.93358244609407847747, 37415.26174504118534969166, 37397.29688342845474835485, 37380.07030449064041022211, 37363.58982083950832020491, 37347.88672792350553208962, 37332.97265108815190615132, 37318.86716962329956004396, 37305.57422802595101529732, 37293.10937215016019763425, 37281.47264297868241555989, 37270.66407125208934303373, 37260.67578011844307184219, 37251.49608440419979160652, 37243.10157021133636590093, 37235.4765625, 37228.58593133474641945213, 37222.3984264733298914507, 37216.87107905397715512663, 37211.96876001620694296435, 37207.63281741264654556289, 37203.82421961148793343455, 37200.48827905677171656862, 37197.57421425178472418338, 37195.02733755215012934059, 37192.79688002905459143221, 37190.83594015422568190843, 37189.10156329160963650793, 37187.54687430152262095362, 37186.13671685013105161488, 37184.83984081638482166454, 37183.62890937453630613163, 37182.48437685795943252742, 37181.38281326832657214254, 37180.31249974854290485382, 37179.26562376601941650733, 37178.23437282074155518785, 37177.21875290567550109699, 37176.21093939986894838512, 35755.43186156590672908351, 18073.408203125, 934.32069896296411570802, 9.2628612494664093191, 9.26163577691028372385, 9.26045322668888104545, 9.25931072369255581123, 9.25820636775302219235, 9.25713920518570709817, 9.4538132815121560526, 9.87756845488169510361, 10.33201011518450762594, 10.80939223492843481722, 11.30488848596264972457, 11.81534315033368187642, 12.33859614877781929465, 12.87310824568021949688, 13.41773842979980457812, 13.97161772209989649696, 14.53404481480768772883, 15.10444273351748734058, 15.68232128878283226925, 16.26725323219623220439, 16.85884877920001301277, 17.45676689079965626661, 18.06067790391785976567, 18.6702747344970703125]
