last-generated=2018-12-20
statistics-simulation=
{
  "numerical Jacobians": "0", 
  "nonlinear": " ", 
  "linear": " "
}
unitTests.x[1]=[6192.31201171875, 6370.81592185984027310042, 6541.99170667678754398366, 6705.95264742481867870083, 6862.75245504146550956648, 7012.39110234621512063313, 7154.83156148849684541347, 7290.0102499646391152055, 7417.85500253624832112109, 7538.29439158565764955711, 7651.26805001864431687864, 9254.89905179708694049623, 1725.98204226666962313175, 650.57163370779733213567, 355.07078177930640094928, 231.70319432818502036753, 167.88580228844335806571, 130.20381719210908499917, 105.84716751176623006359, 89.02997261822137886611, 76.81993425400496278144, 67.59759767217749981683, 60.40684816176159444012, 54.65207892601240757813, 49.94553912830362918385, 46.025333404541015625, 42.708882317345711499, 39.8654432431931908809, 37.39912823845077127771, 35.2381765817260443896, 33.32786777136349343209, 31.6257919376677243406, 30.09860317628070802698, 28.71973974405966600898, 27.46776623928011318299, 26.32522899900135726625, 25.27775527830069535185, 24.31340071374234668156, 23.42217023316325352766, 22.5956276068896109166, 21.82660147401998429473, 21.10895322947162711102, 20.43740760024128277905, 19.80739828185598483401, 19.21494661057504771406, 18.65657932842708177645, 18.12924618830133027814, 17.6302527805502258218, 17.15721844127333284291, 16.70802349102001826964, 16.2807750701904296875, 15.87378368805368111794, 15.48552917934412498369, 15.11464301773432694631, 14.75989225796327275475, 14.42015210864050267503, 14.0944071579877618916, 13.78173329457951190591, 13.48128555913341841688, 13.19229147272361579724, 12.91404503370571354992, 12.64589442861639767557, 12.38724148511140477069, 12.13753593227572302737, 11.89626946008892893758, 11.66296999762939634593, 11.43720399173718860197, 11.2185634401219367362, 11.00667300887399768783, 10.80118174510113959741, 10.60176539909216231194, 10.40811688595645279065, 10.21995406923733185067, 10.0370067232484672104, 9.8590270767689389686, 9.68578052520751953125, 9.51704676998356191575, 9.35261790860908881484, 9.19229939099151138748, 9.03590903132868739078, 8.88326949021656631089, 8.73422053996318759062, 8.58860482433730076934, 8.4462764303883552941, 8.3070961211069107577, 8.1709330916060114447, 8.00820772085586263245, 7.75425397276533789892, 7.55240527098758995805, 7.38208653118762736511, 7.23452154056945229144, 7.10438999301249296536, 6.98807639603891139757, 6.88301427439423996191, 6.78732393009142409568, 6.69959010665204690582, 6.61871941224645166102, 6.54384681506747423185, 6.47427285690319020972, 6.40942150410126476601, 6.34881067276000976562]
time=[0., 1.]
unitTests.x[2]=[6759.01416015625, 6913.42871429293427354423, 7060.67383451423575024819, 7200.70118097230169951217, 7333.443859130506098154, 7458.82762759742945490871, 7576.78419490556279924931, 7687.2587858595452416921, 5623.56022939163267437834, 1168.42837996941125311423, 517.27190565623004658846, 303.39019025343685598273, 206.17197960142627266578, 153.2782714777720514121, 120.97641151562937977815, 99.58661218313015695003, 84.5466187981263601614, 73.47090325291225099136, 65.00990841632467720501, 58.3514695594068086848, 52.98173288849735484973, 48.56175735308332974682, 44.86009176410506427146, 41.7138455321874062065, 39.00539264828055507905, 36.647884368896484375, 34.57586867915969008891, 32.73917958419524865121, 31.09873027442206705473, 29.62365225431729598427, 28.28924904253889849315, 27.07552747001489379386, 25.96614190130428667658, 24.9475968880218452739, 24.00864442926583564031, 23.13984630684590726446, 22.33321874161311271223, 21.58195339707365079107, 20.88022199903272380084, 20.22299676062813489352, 19.60592305776954091812, 19.02519587501906173088, 18.4774925921886250535, 17.95989072766287364402, 17.46980083593985355606, 17.00493377370975878193, 16.56325567125913522659, 16.14293856522691328337, 15.74235397522073220955, 15.36003530058060562169, 14.99465847015380859375, 14.64502874311351376946, 14.31006178549941409983, 13.98877244908243611121, 13.68026607807416894502, 13.38371883862421007905, 13.09838206315698450055, 12.82357005921910975133, 12.55864863045285773069, 12.30303794076414014569, 12.05620156155846167678, 11.81764064124784852083, 11.58689891229367141534, 11.36355008168988511841, 11.14720028069555368688, 10.93748043563358507413, 10.73405127784502788302, 10.53658994817641314512, 10.3448001310257264862, 10.15840430658352744331, 9.97714021409611362401, 9.80076371147145586349, 9.62904597254869543121, 9.4617694197569317538, 9.29873195780067796079, 9.1397418975830078125, 8.98461994850523559819, 8.83319540161873995032, 8.68530708551385544069, 8.5408042165375093191, 8.3995401143992172166, 8.26137927459577525724, 8.1261929511154242789, 7.91517834811551068697, 7.68264717082497039513, 7.49267000497924051672, 7.33067915837744532581, 7.18941265784047445209, 7.06422704837795123467, 6.95190939092486903661, 6.8501536936583020676, 6.75725531258126199674, 6.67191757631081561186, 6.59313302733890704843, 6.5200972390446301219, 6.45215646609057813521, 6.38876854234643420938, 6.32947699856406398311, 6.27389202916499577611, 6.22167782872893049273, 6.17253971099853515625]
unitTests.x[3]=[-373.980194091796875, -1102.58790743360532360384, -1869.50211045588889646751, -2672.15239893388525160844, -3507.96784984246414751397, -4374.34905567944588256069, -5268.64953608498217363376, -6188.16501137779869168298, -7130.13884250226328731515, -8091.76479024649961502291, -9070.20493142598570557311, -11572.98685168496740516275, -2158.29160899338512535905, -813.52165568572854681406, -444.00620946834129654235, -289.73853196771364082451, -209.9366862940561020423, -162.81641318586071065511, -132.35910359224251919841, -111.32967730382107163223, -96.06136725139413101715, -84.5290844138643677752, -75.53726103040123973642, -68.34108246898480842901, -62.45568565858300758009, -57.55358123779296875, -53.40644858320229815263, -49.85081078445271884902, -46.76675449832848130427, -44.06454258764475895305, -41.67575726159152793571, -39.54735995171715501328, -37.63765206785852512894, -35.91342380351957785933, -34.34786659751743798097, -32.91915431333364239208, -31.6093195906641675208, -30.40342195867357233396, -29.28896471768178244588, -28.25539638171008149925, -27.29375132012319937758, -26.39635245972857546803, -25.55660523353150281878, -24.76879747028513278906, -24.0279520238340218441, -23.329730183636719687, -22.67031532682317518379, -22.0463389630250858886, -21.45482192527049036812, -20.89311652218278325677, -20.3588542938232421875, -19.84992361585934972368, -19.36442285117369621616, -18.90064110343158887417, -18.45703409264350725039, -18.03219845013084565721, -17.62486467376343313163, -17.23387500167799046835, -16.85817275793387892691, -16.49679472805132007807, -16.14885602654048213367, -15.81353902403925815179, -15.49010101263563221607, -15.17785153111728035924, -14.87615447670293278293, -14.58442047597753976618, -14.30210568078827826355, -14.02870127908328257149, -13.76373786570208324065, -13.50677770320285198125, -13.2574126184276224194, -13.0152601857703356103, -12.77996797359229574909, -12.55119748350441000184, -12.32863828672642902973, -12.1119976043701171875, -11.90100077845971782153, -11.6953865003862915728, -11.49491253617772201778, -11.29935020037852666519, -11.10847877149449658418, -10.92209629646151469728, -10.74000727205783967122, -10.56202859185232689754, -10.38798764008527975022, -10.21771852683424164354, -10.32068655559213965489, -11.78132177979479600083, -13.24368641555847503355, -14.6898747931366600028, -16.11527779598631582303, -17.51829926186932695487, -18.89845810011556181962, -20.25584887383589105525, -21.59096177150645701204, -22.90455019597732189141, -24.19751823642203447662, -25.4708539990018785204, -26.72559881681835136646, -27.96276547398323231164, -29.1833477020263671875]
unitTests.x[4]=[-2947.199951171875, -3793.49513651127608682145, -4669.47953209113711636746, -5572.48785452737683954183, -6499.79891222778041992569, -7448.63713574579469423043, -8416.18470140806311974302, -9399.59469708580036240164, -7032.10177515747272991575, -1461.08683629256665881258, -646.83417530911015091988, -379.38109413649806356261, -257.8124476380928058461, -191.67035673360351211159, -151.2778035188261753774, -124.5304549465814289988, -105.72336787117760081856, -91.87349158528473935803, -81.29325023859453835939, -72.96706216833250380205, -66.25235932573595221129, -60.72530803351240535903, -56.09647700963124350437, -52.16218339592370512037, -48.77533936624510602087, -45.82733917236328125, -43.23634490418145048807, -40.93961950828975915329, -38.8882830098936906893, -37.04374168605293249357, -35.37510872439155917846, -33.85738407672236149892, -32.4701299786484867127, -31.19646806114919712627, -30.02233545921771096232, -28.9359277258450973136, -27.92726084667345176626, -26.9878258293011015212, -26.11033017961007729468, -25.28849107135421903081, -24.51685568853804397804, -23.79067395897714831676, -23.1057883167993018958, -22.45854041551864810344, -21.84569726145520363048, -21.26439599570630534231, -20.71208808290133873697, -20.18649476641634166185, -19.68557496280428864566, -19.20749709067331778556, -18.75060272216796875, -18.31339986230847216575, -17.89453428571004778291, -17.4927719345058640954, -17.10699162883187085527, -16.73616834290069022018, -16.37936409745332966281, -16.03571677010561558063, -15.70444148320218147319, -15.38480676594442897454, -15.07614494424341700096, -14.77783149858729672133, -14.48929514157905273919, -14.21000372221117835636, -13.93946418930005926029, -13.67721496234155331706, -13.42283219448334463664, -13.17591231063708612226, -12.93608491688004669129, -12.70300096769686071241, -12.47633525974010559878, -12.25578070805378771979, -12.04105247247906618213, -11.83187714960208936077, -11.62800331288182675848, -11.42919063568115234375, -11.23521500476307899419, -11.04586184184211283821, -10.86093087475247642715, -10.68023338590714743646, -10.5035860241267666737, -10.33082012444931585549, -10.1617726086039716904, -10.80476241884329091647, -12.2699966669834346078, -13.72787701757524736479, -15.16742406194189562996, -16.58547524973028330919, -17.98090237696645843357, -19.35343746020573618694, -20.70333227282362287269, -22.03117024635221099516, -23.33777783199032995753, -24.62409309500437970541, -25.89112311742767857936, -27.13989405423264500428, -28.3714244352297164653, -29.58668362914465888025, -30.78662072372606672843, -31.97210199367959049255, -33.14394378662109375]
