last-generated=2017-12-19
statistics-simulation=
{
  "numerical Jacobians": "0", 
  "nonlinear": " ", 
  "number of continuous time states": "2", 
  "linear": " "
}
unitTests.x[1]=[1., 1.21170974108432405458, 1.33375645066841097552, 1.40443945264562275455, 1.44547486564161165035, 1.4693670291842564346, 1.48340416090105198244, 1.49174058533364339851, 1.49680340359811281381, 1.50002110056915416436, 1.5021737818056200009, 1.50368952785432696828, 1.50483953983635876384, 1.50578832595496203695, 1.50661909609142030675, 1.50738131979318534803, 1.50811028510667122227, 1.50880551323127143348, 1.50948596033221327239, 1.51015341271040881566, 1.51081681287246771817, 1.51147603981503286796, 1.51213502923374698561, 1.51279711809662398281, 1.51346099419962110133, 1.51412665843963623047, 1.51479411081783177373, 1.51546180342310465861, 1.51612937501051225908, 1.51679694659791985956, 1.51746451818532746003, 1.51813209158138806565, 1.51879966317065617787, 1.51946938052406133046, 1.5201399323417699172, 1.52081036676672254337, 1.5214807993752190729, 1.52215123198375446023, 1.52282178380146282493, 1.52349221822640257251, 1.52416265083489910204, 1.52483308344344736796, 1.52550363526115595469, 1.52617406968608282369, 1.52684450229671098143, 1.52751672304435781591, 1.52819073375530334324, 1.52886474081407364167, 1.52953875152502583035, 1.53021276223596869315, 1.53088676929473876953, 1.53156066079639674449, 1.53223466785516682087, 1.53290867856611723319, 1.53358268927706187235, 1.53425669633583217077, 1.53493070704787037961, 1.53560543302668039978, 1.53628313556098650139, 1.53696072255825488817, 1.53763842509258608082, 1.53831601208983292928, 1.53899371829600029038, 1.53967130162144250072, 1.5403490078277362052, 1.54102659482517978518, 1.54170429735951253214, 1.54238200356574672867, 1.54305958689118871696, 1.54373729309918572561, 1.54441631061176209982, 1.5450956820705401551, 1.54577541483936919953, 1.54645526681848100026, 1.54713535353075082313, 1.54781568234802024975, 1.54849636510457822069, 1.54917717075928473847, 1.54985821483361951856, 1.55053949363464882438, 1.55122101454682637112, 1.55190277387854913549, 1.55258476793309663222, 1.55326700410265416963, 1.55394947499254798551, 1.5546321879998414861, 1.55531513942634780356, 1.5559982063608044367, 1.55668163462559383525, 1.55736530130992756327, 1.55804920270661928505, 1.55873322331207098124, 1.55941760896136538683, 1.56010222561170142086, 1.56078708067937643733, 1.56147242001110031495, 1.56215810954130884802, 1.56284391828009638914, 1.5635300920830093041, 1.56421649686704311577, 1.56490314006805419922]
time=[0., 1.10000002384185791016]
